1;-9.0723;-3.0498;-355.16;13.091;1
2;0.92773;-5.2721;220.84;6.0144;1
3;-4.0723;8.0613;-67.162;10.707;1
4;5.9277;1.3946;-211.16;6.0923;1
5;-6.5723;-7.4943;76.838;12.176;1
6;3.4277;5.839;-239.96;7.0325;1
7;-1.5723;-0.82762;336.04;6.5138;1
8;8.4277;-8.235;48.038;11.886;1
9;-7.8223;5.0983;-95.962;12.227;1
10;2.1777;-1.5684;192.04;2.7496;1
11;-2.8223;-3.7906;-297.56;7.072;1
12;7.1777;9.5428;278.44;12.114;1
13;-5.3223;2.8761;-9.5616;9.3332;1
14;4.6777;-6.0128;-153.56;7.7903;1
15;-0.32227;7.3205;134.44;8.2591;1
16;9.6777;0.65386;-326.36;9.6999;1
17;-9.3848;-8.9758;249.64;15.337;1
18;0.61523;4.3576;-38.362;5.1562;1
19;-4.3848;-2.3091;-182.36;8.3923;1
20;5.6152;-4.5313;105.64;7.287;1
21;-6.8848;8.802;-268.76;13.229;1
22;3.1152;2.1353;307.24;3.8303;1
23;-1.8848;-6.7535;19.238;8.3583;1
24;8.1152;6.5798;-124.76;10.518;1
25;-8.1348;-0.086877;163.24;12.51;1
26;1.8652;-9.7988;-332.12;10.547;1
27;-3.1348;3.5345;243.88;7.2825;1
28;6.8652;-3.1321;-44.122;7.5636;1
29;-5.6348;-5.3544;-188.12;10.279;1
30;4.3652;7.979;99.878;9.3693;1
31;-0.63477;1.3123;-216.92;6.5294;1
32;9.3652;-7.5766;359.08;12.115;1
33;-8.7598;5.7567;71.078;13.322;1
34;1.2402;-0.90992;-72.922;1.6394;1
35;-3.7598;-8.3173;215.08;10.712;1
36;6.2402;5.016;-274.52;8.0765;1
37;-6.2598;-1.6507;301.48;10.327;1
38;3.7402;-3.8729;13.478;5.5078;1
39;-1.2598;9.4604;-130.52;10.577;1
40;8.7402;2.7938;157.48;9.1825;1
41;-7.5098;-6.0951;-303.32;12.292;1
42;2.4902;7.2382;272.68;8.0866;1
43;-2.5098;0.57156;-15.322;7.2712;1
44;7.4902;-9.0581;-159.32;11.903;1
45;-5.0098;4.2753;128.68;9.2945;1
46;4.9902;-2.3914;-245.72;5.554;1
47;-0.0097656;-4.6136;330.28;5.5904;1
48;9.9902;8.7197;42.278;13.341;1
49;-9.9951;2.053;-101.72;14.015;1
50;0.0048828;-6.8358;186.28;7.7091;1
51;-4.9951;6.4975;-343.64;10.313;1
52;5.0049;-0.16918;232.36;5.0078;1
53;-7.4951;-9.305;-55.642;14.017;1
54;2.5049;4.0283;-199.64;5.0043;1
55;-2.4951;-2.6383;88.358;6.4977;1
56;7.5049;-4.8605;-228.44;8.984;1
57;-8.7451;8.4728;347.56;14.524;1
58;1.2549;1.8061;59.558;2.5332;1
59;-3.7451;-7.0828;-84.442;9.7605;1
60;6.2549;6.2506;203.56;8.9518;1
61;-6.2451;-0.4161;-286.04;10.608;1
62;3.7549;-7.8235;289.96;8.9954;1
63;-1.2451;5.5098;1.9584;6.9656;1
64;8.7549;-1.1568;-142.04;8.8316;1
65;-9.3701;-3.3791;145.96;13.414;1
66;0.62988;9.9543;-314.84;10.707;1
67;-4.3701;3.2876;261.16;8.4336;1
68;5.6299;-5.6013;-26.842;8.0504;1
69;-6.8701;7.7321;-170.84;12.558;1
70;3.1299;1.0654;117.16;3.3145;1
71;-1.8701;-8.5642;-257.24;9.9564;1
72;8.1299;4.7691;318.76;9.4586;1
73;-8.1201;-1.8976;30.758;12.151;1
74;1.8799;-4.1198;-113.24;4.9088;1
75;-3.1201;9.2135;174.76;11.106;1
76;6.8799;2.5469;-349.4;7.3462;1
77;-5.6201;-6.342;226.6;10.743;1
78;4.3799;6.9913;-61.402;8.4841;1
79;-0.62012;0.32465;-205.4;7.2962;1
80;9.3799;-9.5519;82.598;13.498;1
81;-9.6826;3.7814;-234.2;13.765;1
82;0.31738;-2.8852;341.8;3.9198;1
83;-4.6826;-5.1075;53.798;9.3137;1
84;5.3174;8.2259;-90.202;10.015;1
85;-7.1826;1.5592;197.8;11.252;1
86;2.8174;-7.3297;-291.8;8.248;1
87;-2.1826;6.0037;284.2;7.917;1
88;7.8174;-0.66301;-3.8016;7.8456;1
89;-8.4326;-8.0704;-147.8;14.046;1
90;1.5674;5.2629;140.2;6.0007;1
91;-3.4326;-1.4037;-320.6;7.6259;1
92;6.5674;-3.626;255.4;7.5308;1
93;-5.9326;9.7074;-32.602;13.173;1
94;4.0674;3.0407;-176.6;5.1408;1
95;-0.93262;-5.8482;111.4;7.1001;1
96;9.0674;7.4851;-263;11.83;1
97;-9.0576;0.81847;313;13.225;1
98;0.94238;-8.8112;24.998;9.5459;1
99;-4.0576;4.5222;-119;8.4966;1
100;5.9424;-2.1445;169;6.3267;1
101;-6.5576;-4.3667;-337.88;10.805;1
102;3.4424;8.9666;238.12;9.9902;1
103;-1.5576;2.3;-49.882;5.5783;1
104;8.4424;-6.5889;-193.88;10.774;1
105;-7.8076;6.7444;94.118;12.842;1
106;2.1924;0.077732;-222.68;2.1938;1
107;-2.8076;-9.8811;353.32;11.546;1
108;7.1924;3.4522;65.318;7.998;1
109;-5.3076;-3.2144;-78.682;9.3505;1
110;4.6924;-5.4367;209.32;7.3274;1
111;-0.30762;7.8967;-280.28;8.8129;1
112;9.6924;1.23;295.72;9.7706;1
113;-9.8389;-7.6589;7.7184;15.069;1
114;0.16113;5.6744;-136.28;6.5434;1
115;-4.8389;-0.99223;151.72;9.0905;1
116;5.1611;-8.3996;-309.08;10.094;1
117;-7.3389;4.9337;266.92;11.713;1
118;2.6611;-1.733;-21.082;3.2245;1
119;-2.3389;-3.9552;-165.08;6.7031;1
120;7.6611;9.3781;122.92;12.262;1
121;-8.5889;2.7115;-251.48;12.592;1
122;1.4111;-6.1774;324.52;6.9068;1
123;-3.5889;7.1559;36.518;9.7085;1
124;6.4111;0.48925;-107.48;6.4299;1
125;-6.0889;-9.1404;180.52;12.871;1
126;3.9111;4.193;-357.47;5.8647;1
127;-1.0889;-2.4737;218.53;5.0916;1
128;8.9111;-4.6959;-69.466;10.098;1
129;-9.2139;8.6374;-213.47;15.008;1
130;0.78613;1.9707;74.534;2.7451;-2
131;-4.2139;-6.9182;-242.27;9.9779;1
132;5.7861;6.4152;333.73;8.7712;1
133;-6.7139;-0.25149;45.734;11.108;1
134;3.2861;-9.3873;-98.266;10.358;1
135;-1.7139;3.946;189.73;6.1602;1
136;8.2861;-2.7206;-299.87;8.7284;1
137;-7.9639;-4.9428;276.13;12.317;1
138;2.0361;8.3905;-11.866;9.1592;1
139;-2.9639;1.7238;-155.87;7.0816;1
140;7.0361;-7.1651;132.13;10.154;1
141;-5.4639;6.1683;-328.67;10.518;1
142;4.5361;-0.4984;247.33;4.5637;1
143;-0.46387;-7.9058;-40.666;8.8605;1
144;9.5361;5.4275;-184.67;11.003;1
145;-9.5264;-1.2391;103.33;13.62;1
146;0.47363;-3.4614;-271.07;4.3405;1
147;-4.5264;9.872;304.93;12.419;1
148;5.4736;3.2053;16.934;6.377;1
149;-7.0264;-5.6836;-127.07;11.684;1
150;2.9736;7.6497;160.93;8.5968;1
151;-2.0264;0.98308;-334.43;6.6393;1
152;7.9736;-8.6465;241.57;11.886;1
153;-8.2764;4.6868;-46.426;12.551;1
154;1.7236;-1.9799;-190.43;2.8134;1
155;-3.2764;-4.2021;97.574;7.6532;1
156;6.7236;9.1312;-219.23;11.52;1
157;-5.7764;2.4646;356.77;9.7787;1
158;4.2236;-6.4243;68.774;7.9092;1
159;-0.77637;6.909;-75.226;8.0071;1
160;9.2236;0.24234;212.77;9.2268;1
161;-8.9014;-9.6342;-276.83;15.325;1
162;1.0986;3.6991;299.17;4.4323;1
163;-3.9014;-2.9675;11.174;7.9249;1
164;6.0986;-5.1898;-132.83;8.0874;1
165;-6.4014;8.1436;155.17;12.436;1
166;3.5986;1.4769;-305.63;3.9038;1
167;-1.4014;-7.412;270.37;8.7134;1
168;8.5986;5.9214;-17.626;10.489;1
169;-7.6514;-0.74531;-161.63;11.865;1
170;2.3486;-8.1527;126.37;8.9636;1
171;-2.6514;5.1806;-248.03;7.655;1
172;7.3486;-1.4861;327.97;7.4991;1
173;-5.1514;-3.7083;39.974;9.281;1
174;4.8486;9.6251;-104.03;11.072;1
175;-0.15137;2.9584;183.97;4.3131;2
176;9.8486;-5.9305;-345.95;11.532;1
177;-9.917;7.4028;230.05;15.027;1
178;0.083008;0.73617;-57.946;7.5871;1
179;-4.917;-8.8935;-201.95;11.892;1
180;5.083;4.4399;86.054;6.8341;1
181;-7.417;-2.2268;-230.75;11.428;1
182;2.583;-4.449;345.25;5.4241;1
183;-2.417;8.8843;57.254;10.481;1
184;7.583;2.2176;-86.746;7.9057;1
185;-8.667;-6.6712;201.25;13.585;1
186;1.333;6.6621;-288.35;7.3895;1
187;-3.667;-0.0045725;287.65;8.517;1
188;6.333;-9.9939;-0.3456;12.054;1
189;-6.167;3.3394;-144.35;10.219;1
190;3.833;-3.3272;143.65;5.163;1
191;-1.167;-5.5495;-317.15;6.957;1
192;8.833;7.7839;258.85;11.857;1
193;-9.292;1.1172;-29.146;13.405;1
194;0.70801;-7.7717;-173.15;8.5245;1
195;-4.292;5.5617;114.85;9.2035;1
196;5.708;-1.105;-259.55;5.8155;1
197;-6.792;-8.5124;316.45;12.973;1
198;3.208;4.8209;28.454;6.0178;1
199;-1.792;-1.8458;-115.55;5.9381;1
200;8.208;-4.068;172.45;9.1825;1
201;-8.042;9.2654;-351.71;14.416;1
202;1.958;2.5987;224.29;3.4742;1
203;-3.042;-6.2902;-63.706;8.7018;1
204;6.958;7.0431;-207.71;10.011;1
205;-5.542;0.37647;80.294;9.967;1
206;4.458;-9.2532;-236.51;10.582;1
207;-0.54199;4.0802;339.49;5.3904;1
208;9.458;-2.5865;51.494;9.8095;1
209;-9.6045;-4.8087;-92.506;13.867;1
210;0.39551;8.5246;195.49;9.3057;1
211;-4.6045;1.8579;-294.11;8.6575;1
212;5.3955;-7.0309;281.89;9.0352;1
213;-7.1045;6.3024;-6.1056;12.017;1
214;2.8955;-0.36427;-150.11;2.9188;1
215;-2.1045;-9.5001;137.89;10.908;1
216;7.8955;3.8333;-322.91;8.7974;1
217;-8.3545;-2.8334;253.09;12.361;1
218;1.6455;-5.0556;-34.906;5.8008;1
219;-3.3545;8.2777;-178.91;10.44;1
220;6.6455;1.611;109.09;6.841;1
221;-5.8545;-7.2779;-265.31;11.469;1
222;4.1455;6.0555;310.69;7.5483;1
223;-0.85449;-0.61119;22.694;6.9236;1
224;9.1455;-8.0186;-121.31;12.245;1
225;-8.9795;5.3147;166.69;13.393;1
226;1.0205;-1.3519;-340.19;2.0787;-2
227;-3.9795;-3.5742;235.81;8.1085;1
228;6.0205;9.7592;-52.186;11.699;1
229;-6.4795;3.0925;-196.19;10.503;1
230;3.5205;-5.7964;91.814;7.0322;1
231;-1.4795;7.537;-224.99;8.8596;1
232;8.5205;0.87029;351.01;8.5651;1
233;-7.7295;-8.7593;63.014;13.859;1
234;2.2705;4.574;-80.986;5.4435;1
235;-2.7295;-2.0927;207.01;6.7687;1
236;7.2705;-4.3149;-282.59;8.4891;1
237;-5.2295;9.0184;293.41;12.192;1
238;4.7705;2.3518;5.4144;5.3409;1
239;-0.22949;-6.5371;-138.59;7.4793;1
240;9.7705;6.7962;149.41;11.951;1
241;-9.7607;0.12955;-311.39;14.063;1
242;0.23926;-9.747;264.61;10.539;1
243;-4.7607;3.5863;-23.386;8.8717;1
244;5.2393;-3.0803;-167.39;6.1122;1
245;-7.2607;-5.3025;120.61;11.76;1
246;2.7393;8.0308;-253.79;8.914;1
247;-2.2607;1.3641;322.21;6.581;1
248;7.7393;-7.5248;34.214;10.896;1
249;-8.5107;5.8086;-109.79;13.107;1
250;1.4893;-0.8581;178.21;1.7629;1
251;-3.5107;-8.2655;-358.62;10.521;1
252;6.4893;5.0678;217.38;8.2992;1
253;-6.0107;-1.5988;-70.618;10.087;1
254;3.9893;-3.8211;-214.62;5.6296;1
255;-1.0107;9.5123;73.382;10.555;1
256;8.9893;2.8456;-243.42;9.4353;1
257;-9.1357;-6.0433;332.58;13.776;1
258;0.86426;7.29;44.582;8.0313;1
259;-4.1357;0.62338;-99.418;8.581;1
260;5.8643;-9.0062;188.58;10.964;1
261;-6.6357;4.3271;-301.02;10.87;1
262;3.3643;-2.3396;274.98;4.1524;1
263;-1.6357;-4.5618;-13.018;6.484;1
264;8.3643;8.7715;-157.02;12.237;1
265;-7.8857;2.1049;130.98;11.903;1
266;2.1143;-6.784;-329.82;7.5748;1
267;-2.8857;6.5493;246.18;8.7876;1
268;7.1143;-0.11736;-41.818;7.1152;1
269;-5.3857;-9.8293;-185.82;12.907;1
270;4.6143;3.504;102.18;5.8578;1
271;-0.38574;-3.1626;-272.22;4.623;1
272;9.6143;-5.3848;303.78;11.049;1
273;-9.4482;7.9485;15.782;14.859;1
274;0.55176;1.2818;-128.22;2.0085;-2
275;-4.4482;-7.6071;159.78;10.627;1
276;5.5518;5.7263;-335.58;8.0922;1
277;-6.9482;-0.94041;240.42;11.138;1
278;3.0518;-8.3478;-47.578;9.2921;1
279;-1.9482;4.9855;-191.58;7.0032;1
280;8.0518;-1.6811;96.422;8.2274;1
281;-8.1982;-3.9034;-220.38;12.312;1
282;1.8018;9.43;355.62;10.175;1
283;-3.1982;2.7633;67.622;7.2064;1
284;6.8018;-6.1256;-76.378;9.2417;1
285;-5.6982;7.2077;211.62;11.303;1
286;4.3018;0.54108;-277.98;4.3361;1
287;-0.69824;-9.0886;298.02;10.065;1
288;9.3018;4.2448;10.022;10.242;1
289;-8.8232;-2.4219;-133.98;12.827;1
290;1.1768;-4.6441;154.02;5.3726;1
291;-3.8232;8.6892;-306.78;11.049;1
292;6.1768;2.0226;269.22;6.5066;1
293;-6.3232;-6.8663;-18.778;11.619;1
294;3.6768;6.467;-162.78;7.7076;1
295;-1.3232;-0.19966;125.22;7.0751;1
296;8.6768;-9.3355;-249.18;12.867;1
297;-7.5732;3.9979;326.82;11.711;1
298;2.4268;-2.6688;38.822;3.759;1
299;-2.5732;-4.891;-105.18;7.4111;1
300;7.4268;8.4423;182.82;11.379;1
301;-5.0732;1.7756;-347.1;9.1343;1
302;4.9268;-7.1132;228.9;8.8554;1
303;-0.073242;6.2201;-59.098;7.1317;1
304;9.9268;-0.44658;-203.1;9.9369;1
305;-9.9561;-7.854;84.902;15.261;1
306;0.043945;5.4793;-231.9;6.3876;1
307;-4.9561;-1.1873;344.1;9.144;1
308;5.0439;-3.4095;56.102;6.1366;1
309;-7.4561;9.9238;-87.898;14.4;1
310;2.5439;3.2571;200.1;4.324;1
311;-2.4561;-5.6318;-289.5;7.8202;1
312;7.5439;7.7016;286.5;10.892;1
313;-8.7061;1.0349;-1.4976;12.842;1
314;1.2939;-8.5947;-145.5;9.3223;1
315;-3.7061;4.7386;142.5;8.2785;1
316;6.2939;-1.9281;-318.3;6.5885;1
317;-6.2061;-4.1503;257.7;10.409;1
318;3.7939;9.1831;-30.298;10.297;1
319;-1.2061;2.5164;-174.3;5.2067;1
320;8.7939;-6.3725;113.7;10.915;1
321;-9.3311;6.9608;-260.7;14.311;1
322;0.66895;0.29416;315.3;0.70432;-2
323;-4.3311;-9.5824;27.302;12.071;1
324;5.6689;3.751;-116.7;6.8432;1
325;-6.8311;-2.9157;171.3;10.842;1
326;3.1689;-5.1379;-352.86;6.2867;1
327;-1.8311;8.1954;223.14;9.6037;1
328;8.1689;1.5287;-64.858;8.3122;1
329;-8.0811;-7.3602;-208.86;13.38;2
330;1.9189;5.9732;79.142;6.7438;1
331;-3.0811;-0.69349;-237.66;7.6351;1
332;6.9189;-8.1009;338.34;10.796;1
333;-5.5811;5.2324;50.342;10.179;1
334;4.4189;-1.4342;-93.658;4.6529;1
335;-0.58105;-3.6565;194.34;5.0963;1
336;9.4189;9.6769;-295.26;13.616;1
337;-9.6436;3.0102;280.74;13.662;1
338;0.35645;-5.8787;-7.2576;6.6983;1
339;-4.6436;7.4547;-151.26;10.659;1
340;5.3564;0.78799;136.74;5.4148;1
341;-7.1436;-8.8416;-324.06;13.452;1
342;2.8564;4.4917;251.94;5.5689;1
343;-2.1436;-2.175;-36.058;6.1769;1
344;7.8564;-4.3972;-180.06;9.0329;1
345;-8.3936;8.9361;107.94;14.496;1
346;1.6064;2.2695;-266.46;3.045;1
347;-3.3936;-6.6194;309.54;9.182;1
348;6.6064;6.7139;21.542;9.5311;1
349;-5.8936;0.047249;-122.46;10.419;1
350;4.1064;-9.9116;165.54;11.085;1
351;-0.89355;3.4217;-341.34;5.1869;1
352;9.1064;-3.2449;234.66;9.6761;1
353;-9.0186;-5.4672;-53.338;13.475;1
354;0.98145;7.8662;-197.34;8.6007;1
355;-4.0186;1.1995;90.662;8.2469;1
356;5.9814;-7.6894;-226.14;9.91;1
357;-6.5186;5.644;349.86;11.202;1
358;3.4814;-1.0227;61.862;3.634;1
359;-1.5186;-8.4301;-82.138;9.6948;1
360;8.4814;4.9032;205.86;9.8286;1
361;-7.7686;-1.7635;-283.74;11.813;1
362;2.2314;-3.9857;292.26;4.8695;1
363;-2.7686;9.3477;4.2624;11.054;1
364;7.2314;2.681;-139.74;7.7225;1
365;-5.2686;-6.2079;148.26;10.374;1
366;4.7314;7.1254;-312.54;8.7688;1
367;-0.26855;0.45877;263.46;7.5425;1
368;9.7314;-9.1709;-24.538;13.466;1
369;-9.7998;4.1625;-168.54;13.934;1
370;0.2002;-2.5042;119.46;3.7791;-2
371;-4.7998;-4.7264;-254.94;9.2577;1
372;5.2002;8.6069;321.06;10.296;1
373;-7.2998;1.9403;33.062;11.327;1
374;2.7002;-6.9486;-110.94;7.8494;1
375;-2.2998;6.3847;177.06;8.2902;1
376;7.7002;-0.28197;-356.31;7.7054;1
377;-8.5498;-9.4178;219.69;14.912;1
378;1.4502;3.9156;-68.314;4.6483;1
379;-3.5498;-2.7511;-212.31;7.5564;1
380;6.4502;-4.9733;75.686;8.2087;1
381;-6.0498;8.36;-241.11;12.309;1
382;3.9502;1.6933;334.89;4.3134;1
383;-1.0498;-7.1955;46.886;8.3749;1
384;8.9502;6.1378;-97.114;10.9;1
385;-9.1748;-0.52888;190.89;13.398;1
386;0.8252;-7.9363;-298.71;8.6795;1
387;-4.1748;5.397;277.29;9.0153;1
388;5.8252;-1.2696;-10.714;5.9641;1
389;-6.6748;-3.4918;-154.71;10.743;1
390;3.3252;9.8415;133.29;10.81;1
391;-1.6748;3.1748;-327.51;5.781;1
392;8.3252;-5.7141;248.49;10.146;1
393;-7.9248;7.6193;-39.514;13.379;1
394;2.0752;0.9526;-183.51;2.3041;1
395;-2.9248;-8.677;104.49;10.544;1
396;7.0752;4.6563;-269.91;8.5143;1
397;-5.4248;-2.0104;306.09;9.4535;1
398;4.5752;-4.2326;18.086;6.3297;1
399;-0.4248;9.1007;-125.91;10.013;1
400;9.5752;2.4341;162.09;9.8833;1
401;-9.4873;-6.4548;-333.27;14.255;1
402;0.5127;6.8785;242.73;7.6582;1
403;-4.4873;0.21186;-45.274;9.0861;1
404;5.5127;-9.6647;-189.27;11.383;1
405;-6.9873;3.6686;98.726;11.08;1
406;3.0127;-2.998;-218.07;4.3698;1
407;-1.9873;-5.2202;357.93;7.1983;1
408;8.0127;8.1131;69.926;11.513;1
409;-8.2373;1.4464;-74.074;12.316;1
410;1.7627;-7.4425;213.93;8.1892;1
411;-3.2373;5.8909;-275.67;8.5632;1
412;6.7627;-0.7758;300.33;6.8074;1
413;-5.7373;-8.1832;12.326;11.957;1
414;4.2627;5.1501;-131.67;6.8432;1
415;-0.7373;-1.5165;156.33;6.2133;1
416;9.2627;-3.7388;-304.47;10.001;1
417;-8.8623;9.5946;271.53;15.27;1
418;1.1377;2.9279;-16.474;3.6604;1
419;-3.8623;-5.961;-160.47;9.0875;1
420;6.1377;7.3724;127.53;9.7436;1
421;-6.3623;0.70569;-246.87;10.63;1
422;3.6377;-8.9239;329.13;10.004;1
423;-1.3623;4.4094;41.126;6.1815;1
424;8.6377;-2.2573;-102.87;8.9315;1
425;-7.6123;-4.4795;185.13;11.852;1
426;2.3877;8.8538;-344.79;9.6625;1
427;-2.6123;2.1872;231.21;6.6379;1
428;7.3877;-6.7017;-56.794;10.063;1
429;-5.1123;6.6316;-200.79;10.488;1
430;4.8877;-0.035056;87.206;4.8878;1
431;-0.1123;-9.939;-229.59;10.779;1
432;9.8877;3.3943;346.41;10.462;1
433;-9.8779;-3.2724;58.406;13.91;1
434;0.12207;-5.4946;-85.594;6.3799;1
435;-4.8779;7.8387;202.41;11.093;1
436;5.1221;1.1721;-287.19;5.2571;1
437;-7.3779;-7.7168;288.81;12.969;1
438;2.6221;5.6165;0.8064;6.5431;1
439;-2.3779;-1.0501;-143.19;6.8564;1
440;7.6221;-8.4576;144.81;11.515;1
441;-8.6279;4.8758;-315.99;12.937;1
442;1.3721;-1.7909;260.01;2.526;1
443;-3.6279;-4.0131;-27.994;7.9039;1
444;6.3721;9.3202;-171.99;11.492;1
445;-6.1279;2.6536;116.01;10.132;1
446;3.8721;-6.2353;-258.39;7.5801;1
447;-1.1279;7.098;317.61;8.3149;1
448;8.8721;0.43134;29.606;8.8826;1
449;-9.2529;-9.1983;-114.39;15.353;1
450;0.74707;4.135;173.61;4.9115;1
451;-4.2529;-2.5316;-350.55;8.254;1
452;5.7471;-4.7538;225.45;7.5336;1
453;-6.7529;8.5795;-62.554;12.984;1
454;3.2471;1.9128;-206.55;3.8053;1
455;-1.7529;-6.9761;81.446;8.4828;1
456;8.2471;6.3573;-235.35;10.476;1
457;-8.0029;-0.3094;340.65;12.319;1
458;1.9971;-9.4452;52.646;10.205;1
459;-3.0029;3.8881;-91.354;7.2755;1
460;6.9971;-2.7785;196.65;7.5406;1
461;-5.5029;-5.0008;-292.95;10.014;1
462;4.4971;8.3326;283.05;9.7459;1
463;-0.50293;1.6659;-4.9536;6.1963;1
464;9.4971;-7.223;-148.95;11.992;1
465;-9.5654;6.1103;139.05;14.206;1
466;0.43457;-0.55632;-321.75;1.2385;-2
467;-4.5654;-7.9637;254.25;10.963;1
468;5.4346;5.3696;-33.754;7.7475;1
469;-7.0654;-1.2971;-177.75;11.179;1
470;2.9346;-3.5193;110.25;4.7489;1
471;-2.0654;9.8141;-264.15;11.182;1
472;7.9346;3.1474;311.85;8.5481;1
473;-8.3154;-5.7415;23.846;12.9;1
474;1.6846;7.5918;-120.15;8.3326;1
475;-3.3154;0.92516;167.85;7.7143;1
476;6.6846;-8.7045;-339.03;11.145;1
477;-5.8154;4.6289;236.97;10.172;1
478;4.1846;-2.0378;-51.034;4.676;1
479;-0.81543;-4.26;-195.03;5.7018;1
480;9.1846;9.0733;92.966;13.015;1
481;-8.9404;2.4066;-223.83;12.944;1
482;1.0596;-6.4822;352.17;7.2142;1
483;-3.9404;6.8511;64.166;9.7325;1
484;6.0596;0.18442;-79.834;6.0624;1
485;-6.4404;-9.6921;208.17;13.509;1
486;3.5596;3.6412;-281.43;5.2138;1
487;-1.4404;-3.0255;294.57;5.5126;1
488;8.5596;-5.2477;6.5664;10.077;1
489;-7.6904;8.0857;-137.43;13.435;1
490;2.3096;1.419;150.57;2.7545;1
491;-2.6904;-7.4699;-310.23;9.3997;1
492;7.3096;5.8634;265.77;9.4397;1
493;-5.1904;-0.80323;-22.234;9.4842;1
494;4.8096;-8.2106;-166.23;9.7665;1
495;-0.19043;5.1227;121.77;6.1299;1
496;9.8096;-1.544;-252.63;9.9313;1
497;-9.7217;-3.7662;323.37;13.802;1
498;0.27832;9.5671;35.366;10.356;1
499;-4.7217;2.9005;-108.63;8.7371;1
500;5.2783;-5.9884;179.37;8.1211;1
501;-7.2217;7.3449;-359.31;12.633;1
502;2.7783;0.67825;216.69;2.8631;1
503;-2.2217;-8.9514;-71.309;10.456;1
504;7.7783;4.382;-215.31;8.9577;1
505;-8.4717;-2.2847;72.691;12.478;1
506;1.5283;-4.5069;-244.11;5.2438;1
507;-3.4717;8.8264;331.89;10.962;1
508;6.5283;2.1597;43.891;6.8836;1
509;-5.9717;-6.7292;-100.11;11.25;1
510;4.0283;6.6042;187.89;7.9798;1
511;-0.97168;-0.06249;-301.71;7.2519;1
512;9.0283;-9.7744;274.29;13.429;1
513;-9.0967;3.5589;-13.709;13.159;1
514;0.90332;-3.1078;-157.71;3.8733;1
515;-4.0967;-5.33;130.29;8.9134;1
516;5.9033;8.0034;-330.51;10.127;1
517;-6.5967;1.3367;245.49;10.712;1
518;3.4033;-7.5522;-42.509;8.6239;1
519;-1.5967;5.7811;-186.51;7.3868;1
520;8.4033;-0.88554;101.49;8.4501;1
521;-7.8467;-8.2929;-272.91;13.681;1
522;2.1533;5.0404;303.09;5.8667;1
523;-2.8467;-1.6263;15.091;6.9993;1
524;7.1533;-3.8485;-128.91;8.1499;1
525;-5.3467;9.4848;159.09;12.619;1
526;4.6533;2.8182;-336.27;5.4776;1
527;-0.34668;-6.0707;239.73;7.0723;1
528;9.6533;7.2626;-48.269;12.139;1
529;-9.4092;0.59595;-192.27;13.613;1
530;0.59082;-9.0337;95.731;9.7912;1
531;-4.4092;4.2996;-221.07;8.7361;1
532;5.5908;-2.367;354.93;6.0858;1
533;-6.9092;-4.5892;66.931;11.202;1
534;3.0908;8.7441;-77.069;9.6864;1
535;-1.9092;2.0774;210.93;5.9697;1
536;8.0908;-6.8115;-278.67;10.653;1
537;-8.1592;6.5219;297.33;13.06;1
538;1.8408;-0.1448;9.3312;1.8466;1
539;-3.1592;-9.2806;-134.67;11.184;1
540;6.8408;4.0527;153.33;7.9856;1
541;-5.6592;-2.6139;-307.47;9.6611;1
542;4.3408;-4.8362;268.53;6.636;1
543;-0.65918;8.4972;-19.469;9.4837;1
544;9.3408;1.8305;-163.47;9.5201;1
545;-8.7842;-7.0584;124.53;13.86;1
546;1.2158;6.275;-249.87;7.0029;1
547;-3.7842;-0.39171;326.13;8.3896;1
548;6.2158;-7.7991;38.131;10.135;1
549;-6.2842;5.5342;-105.87;10.942;1
550;3.7158;-1.1324;182.13;3.8905;1
551;-1.2842;-3.3547;-347.79;5.4896;1
552;8.7158;9.9787;228.21;13.386;1
553;-7.5342;3.312;-59.789;11.577;1
554;2.4658;-5.5769;-203.79;6.4622;1
555;-2.5342;7.7564;84.211;9.554;1
556;7.4658;1.0898;-232.59;7.5456;1
557;-5.0342;-8.5399;343.41;11.707;1
558;4.9658;4.7935;55.411;7.0061;1
559;-0.03418;-1.8732;-88.589;6.1524;1
560;9.9658;-4.0954;199.41;10.788;1
561;-9.9756;9.2379;-290.19;15.979;1
562;0.024414;2.5713;285.81;3.9794;1
563;-4.9756;-6.3176;-2.1888;10.192;1
564;5.0244;7.0157;-146.19;8.822;1
565;-7.4756;0.34903;141.81;11.799;1
566;2.5244;-9.5275;-318.99;10.348;1
567;-2.4756;3.8058;257.01;6.7595;1
568;7.5244;-2.8608;-30.989;8.0608;1
569;-8.7256;-5.0831;-174.99;13.086;1
570;1.2744;8.2503;113.01;8.9775;1
571;-3.7256;1.5836;-261.39;7.8532;1
572;6.2744;-7.3053;314.61;9.7729;1
573;-6.2256;6.028;26.611;11.11;1
574;3.7744;-0.63862;-117.39;3.8291;1
575;-1.2256;-8.046;170.61;9.2293;1
576;8.7744;5.2873;-353.55;10.28;1
577;-9.3506;-1.3794;222.45;13.426;1
578;0.64941;-3.6016;-65.549;4.4148;1
579;-4.3506;9.7317;-209.55;12.204;1
580;5.6494;3.0651;78.451;6.4552;1
581;-6.8506;-5.8238;-238.35;11.581;1
582;3.1494;7.5095;337.65;8.5083;1
583;-1.8506;0.84286;49.651;6.6365;1
584;8.1494;-8.7868;-94.349;12.107;1
585;-8.1006;4.5466;193.65;12.346;1
586;1.8994;-2.1201;-295.95;3.0173;1
587;-3.1006;-4.3423;280.05;7.5578;1
588;6.8994;8.991;-7.9488;11.502;1
589;-5.6006;2.3243;-151.95;9.6058;1
590;4.3994;-6.5645;136.05;8.1169;1
591;-0.60059;6.7688;-324.75;7.8146;1
592;9.3994;0.10212;251.25;9.3999;1
593;-9.6631;-9.8567;-36.749;16.071;1
594;0.33691;3.4766;-180.75;4.4105;1
595;-4.6631;-3.1901;107.25;8.7086;1
596;5.3369;-5.4123;-267.15;7.7143;1
597;-7.1631;7.921;308.85;12.908;1
598;2.8369;1.2544;20.851;3.1194;1
599;-2.1631;-7.6345;-123.15;9.2594;1
600;7.8369;5.6988;164.85;9.7455;1
601;-8.4131;-0.96784;-342.03;12.567;1
602;1.5869;-8.3752;233.97;9.1096;1
603;-3.4131;4.9581;-54.029;8.1378;1
604;6.5869;-1.7086;-198.03;6.8085;1
605;-5.9131;-3.9308;89.971;10.071;1
606;4.0869;9.4025;-226.83;10.596;1
607;-0.91309;2.7359;349.17;4.9313;1
608;9.0869;-6.153;61.171;11.021;1
609;-9.0381;7.1803;-82.829;14.142;1
610;0.96191;0.51364;205.17;1.1861;-2
611;-4.0381;-9.116;-284.43;11.522;1
612;5.9619;4.2173;291.57;7.3558;1
613;-6.5381;-2.4493;3.5712;10.541;1
614;3.4619;-4.6715;-140.43;6.0075;1
615;-1.5381;8.6618;147.57;9.918;1
616;8.4619;1.9951;-313.23;8.6967;1
617;-7.7881;-6.8938;262.77;12.895;1
618;2.2119;6.4396;-25.229;7.2506;1
619;-2.7881;-0.2271;-169.23;7.7125;1
620;7.2119;-9.3629;118.77;11.986;1
621;-5.2881;3.9704;-255.63;9.4753;1
622;4.7119;-2.6962;320.37;5.4613;1
623;-0.28809;-4.9185;32.371;5.9813;1
624;9.7119;8.4149;-111.63;12.93;1
625;-9.8193;1.7482;176.37;13.859;1
626;0.18066;-7.1407;-354.7;7.9706;1
627;-4.8193;6.1927;221.3;9.9928;1
628;5.1807;-0.47401;-66.701;5.2025;1
629;-7.3193;-7.8814;-210.7;13.014;1
630;2.6807;5.4519;77.299;6.4031;1
631;-2.3193;-1.2148;-239.5;6.7121;1
632;7.6807;-3.437;336.5;8.4313;1
633;-8.5693;9.8964;48.499;15.227;1
634;1.4307;3.2297;-95.501;3.9627;1
635;-3.5693;-5.6592;192.5;8.6691;1
636;6.4307;7.6741;-297.1;10.161;1
637;-6.0693;1.0075;278.9;10.266;1
638;3.9307;-8.6222;-9.1008;9.8075;1
639;-1.0693;4.7112;-153.1;6.2126;1
640;8.9307;-1.9555;134.9;9.1445;1
641;-9.1943;-4.1777;-325.9;13.342;1
642;0.80566;9.1556;250.1;9.8977;1
643;-4.1943;2.4889;-37.901;8.1961;1
644;5.8057;-6.3999;-181.9;8.7717;1
645;-6.6943;6.9334;106.1;11.968;1
646;3.3057;0.26673;-268.3;3.3165;1
647;-1.6943;-9.6098;307.7;10.859;1
648;8.3057;3.7235;19.699;9.1189;1
649;-7.9443;-2.9431;-124.3;11.958;1
650;2.0557;-5.1654;163.7;5.9689;1
651;-2.9443;8.168;-331.66;10.12;1
652;7.0557;1.5013;244.34;7.2157;1
653;-5.4443;-7.3876;-43.661;11.215;1
654;4.5557;5.9457;-187.66;7.6671;1
655;-0.44434;-0.72093;100.34;7.2121;1
656;9.5557;-8.1283;-216.46;12.622;1
657;-9.5068;5.205;359.54;13.869;1
658;0.49316;-1.4617;71.539;2.1891;-2
659;-4.5068;-3.6839;-72.461;8.6461;1
660;5.4932;9.6494;215.54;11.36;1
661;-7.0068;2.9828;-274.06;11.023;1
662;2.9932;-5.9061;301.94;6.9332;1
663;-2.0068;7.4272;13.939;9.0019;1
664;7.9932;0.76055;-130.06;8.0294;1
665;-8.2568;-8.8691;157.94;14.347;1
666;1.7432;4.4643;-302.86;5.2252;1
667;-3.2568;-2.2024;273.14;7.2763;1
668;6.7432;-4.4246;-14.861;8.1093;1
669;-5.7568;8.9087;-158.86;12.474;1
670;4.2432;2.242;129.14;4.8258;1
671;-0.75684;-6.6469;-245.26;7.7553;1
672;9.2432;6.6865;330.74;11.462;1
673;-8.8818;0.019814;42.739;13.243;1
674;1.1182;-9.9665;-101.26;10.696;1
675;-3.8818;3.3669;186.74;7.9663;1
676;6.1182;-3.2998;-343.18;6.9786;1
677;-6.3818;-5.522;232.82;11.026;1
678;3.6182;7.8113;-55.181;8.938;1
679;-1.3818;1.1446;-199.18;6.1495;1
680;8.6182;-7.7442;88.819;11.673;1
681;-7.6318;5.5891;-227.98;12.21;1
682;2.3682;-1.0776;348.02;2.6213;1
683;-2.6318;-8.485;60.019;10.229;1
684;7.3682;4.8483;-83.981;8.8645;1
685;-5.1318;-1.8183;204.02;9.1864;1
686;4.8682;-4.0405;-285.58;6.4035;1
687;-0.13184;9.2928;290.42;10.143;1
688;9.8682;2.6261;2.4192;10.216;1
689;-9.8975;-6.2628;-141.58;14.57;1
690;0.10254;7.0706;146.42;7.9173;1
691;-4.8975;0.4039;-314.38;9.3633;1
692;5.1025;-9.2257;261.62;10.809;1
693;-7.3975;4.1076;-26.381;11.561;1
694;2.6025;-2.5591;-170.38;3.7712;1
695;-2.3975;-4.7813;117.62;7.2055;1
696;7.6025;8.552;-256.78;11.575;1
697;-8.6475;1.8854;319.22;12.675;1
698;1.3525;-7.0035;31.219;7.7315;1
699;-3.6475;6.3298;-112.78;9.1627;1
700;6.3525;-0.33684;175.22;6.3615;1
701;-6.1475;-9.4726;-348.94;13.149;1
702;3.8525;3.8607;227.06;5.5699;1
703;-1.1475;-2.806;-60.941;5.1747;1
704;8.8525;-5.0282;-204.94;10.212;1
705;-9.2725;8.3051;83.059;14.883;1
706;0.72754;1.6385;-233.74;2.3704;-2
707;-4.2725;-7.2504;342.26;10.251;1
708;5.7275;6.0829;54.259;8.4776;1
709;-6.7725;-0.58375;-89.741;11.061;1
710;3.2275;-7.9912;198.26;8.9924;1
711;-1.7725;5.3422;-291.34;7.1462;1
712;8.2275;-1.3245;284.66;8.3344;1
713;-8.0225;-3.5467;-3.3408;12.086;1
714;1.9775;9.7866;-147.34;10.543;1
715;-3.0225;3.12;140.66;7.0755;1
716;6.9775;-5.7689;-320.14;9.1272;1
717;-5.5225;7.5644;255.86;11.387;1
718;4.4775;0.89773;-32.141;4.5684;1
719;-0.52246;-8.7319;-176.14;9.6764;1
720;9.4775;4.6014;111.86;10.556;1
721;-9.585;-2.0652;-262.54;13.603;1
722;0.41504;-4.2875;313.46;5.1392;1
723;-4.585;9.0459;25.459;11.796;1
724;5.415;2.3792;-118.54;5.9307;1
725;-7.085;-6.5097;169.46;12.095;1
726;2.915;6.8237;-337.42;7.7839;1
727;-2.085;0.15699;238.58;7.3433;1
728;7.915;-9.7196;-49.421;12.688;1
729;-8.335;3.6138;-193.42;12.405;1
730;1.665;-3.0529;94.579;3.8205;1
731;-3.335;-5.2751;-222.22;8.2519;1
732;6.665;8.0582;353.78;10.609;1
733;-5.835;1.3916;65.779;9.9511;1
734;4.165;-7.4973;-78.221;8.8475;1
735;-0.83496;5.836;209.78;7.0451;1
736;9.165;-0.83067;-279.82;9.2028;1
737;-8.96;-8.2381;296.18;14.581;1
738;1.04;5.0953;8.1792;5.8297;2
739;-3.96;-1.5714;-135.82;8.0821;1
740;6.04;-3.7936;152.18;7.1724;1
741;-6.46;9.5397;-308.62;13.415;1
742;3.54;2.873;267.38;4.6359;1
743;-1.46;-6.0159;-20.621;7.5073;1
744;8.54;7.3175;-164.62;11.325;1
745;-7.71;0.65082;123.38;11.945;1
746;2.29;-8.9788;-251.02;9.773;1
747;-2.71;4.3545;324.98;7.2222;1
748;7.29;-2.3121;36.979;7.6545;1
749;-5.21;-4.5344;-107.02;9.5676;1
750;4.79;8.799;180.98;10.291;1
751;-0.20996;2.1323;-357;5.6049;1
752;9.79;-6.7566;219;11.944;1
753;-9.7412;6.5767;-69.005;14.537;1
754;0.25879;-0.089925;-213;0.26061;-2
755;-4.7412;-9.8019;74.995;12.489;1
756;5.2588;3.5315;-241.8;6.3821;1
757;-7.2412;-3.1352;334.2;11.269;1
758;2.7588;-5.3574;46.195;6.3382;1
759;-2.2412;7.9759;-97.805;9.5944;1
760;7.7588;1.3093;190.2;7.8695;1
761;-8.4912;-7.5796;-299.4;13.846;1
762;1.5088;5.7537;276.6;6.4873;1
763;-3.4912;-0.91297;-11.405;7.8747;1
764;6.5088;-8.3204;-155.4;10.729;1
765;-5.9912;5.013;132.6;10.47;1
766;4.0088;-1.6537;-328.2;4.3504;1
767;-0.99121;-3.8759;247.8;5.5453;1
768;9.0088;9.4574;-40.205;13.178;1
769;-9.1162;2.7907;-184.2;13.125;1
770;0.88379;-6.0982;103.8;6.8412;1
771;-4.1162;7.2352;-270.6;10.129;1
772;5.8838;0.56851;305.4;5.9114;1
773;-6.6162;-9.0611;17.395;13.198;1
774;3.3838;4.2722;-126.6;5.6256;1
775;-1.6162;-2.3945;161.4;5.6236;1
776;8.3838;-4.6167;-333.96;9.5992;1
777;-7.8662;8.7167;242.04;13.943;1
778;2.1338;2.05;-45.965;3.0828;1
779;-2.8662;-6.8389;-189.96;8.9963;1
780;7.1338;6.4944;98.035;9.7368;1
781;-5.3662;-0.17223;-218.76;9.8871;1
782;4.6338;-9.308;357.24;10.697;1
783;-0.36621;4.0253;69.235;5.2423;1
784;9.6338;-2.6414;-74.765;9.9937;1
785;-9.4287;-4.8636;213.24;13.709;1
786;0.57129;8.4697;-276.36;9.2318;1
787;-4.4287;1.8031;299.64;8.4937;1
788;5.5713;-7.0858;11.635;9.1797;1
789;-6.9287;6.2475;-132.36;11.836;1
790;3.0713;-0.41914;155.64;3.1003;1
791;-1.9287;-7.8266;-305.16;9.316;1
792;8.0713;5.5068;270.84;9.8188;1
793;-8.1787;-1.1599;-17.165;12.302;1
794;1.8213;-3.3821;-161.16;4.176;1
795;-3.1787;9.9512;126.84;11.778;1
796;6.8213;3.2846;-247.56;7.5912;1
797;-5.6787;-5.6043;328.44;10.428;1
798;4.3213;7.729;40.435;9.1231;1
799;-0.67871;1.0623;-103.56;6.7417;1
800;9.3213;-8.5673;184.44;12.75;1
801;-8.8037;4.766;-345.48;13.081;1
802;1.1963;-1.9006;230.52;2.6326;1
803;-3.8037;-4.1228;-57.485;8.107;1
804;6.1963;9.2105;-201.48;11.308;1
805;-6.3037;2.5438;86.515;10.307;1
806;3.6963;-6.3451;-230.28;7.6042;1
807;-1.3037;6.9883;345.72;8.2869;1
808;8.6963;0.3216;57.715;8.7022;1
809;-7.5537;-9.5549;-86.285;14.225;1
810;2.4463;3.7784;201.72;4.7508;1
811;-2.5537;-2.8883;-287.88;6.5763;1
812;7.4463;-5.1105;288.12;9.0801;1
813;-5.0537;8.2228;0.1152;11.489;1
814;4.9463;1.5562;-143.88;5.1916;1
815;-0.053711;-7.3327;144.12;8.2062;1
816;9.9463;6.0006;-316.68;11.652;1
817;-9.9365;-0.66606;259.32;14.121;1
818;0.063477;-8.0735;-28.685;8.9097;1
819;-4.9365;5.2599;-172.68;9.6107;1
820;5.0635;-1.4068;115.32;5.2598;1
821;-7.4365;-3.629;-259.08;11.518;1
822;2.5635;9.7043;316.92;10.529;1
823;-2.4365;3.0376;28.915;6.4842;1
824;7.5635;-5.8512;-115.08;9.6265;1
825;-8.6865;7.4821;172.92;13.969;1
826;1.3135;0.81542;-351.24;1.6054;1
827;-3.6865;-8.8142;224.76;11.072;1
828;6.3135;4.5191;-63.245;7.8183;1
829;-6.1865;-2.1475;-207.24;10.203;1
830;3.8135;-4.3698;80.755;5.947;1
831;-1.1865;8.9636;-236.04;10.083;1
832;8.8135;2.2969;339.96;9.1116;1
833;-9.3115;-6.592;51.955;14.146;1
834;0.68848;6.7414;-92.045;7.5005;1
835;-4.3115;0.074684;195.96;9.0036;1
836;5.6885;-9.8842;-293.64;11.657;1
837;-6.8115;3.4492;282.36;10.874;1
838;3.1885;-3.2175;-5.6448;4.6511;1
839;-1.8115;-5.4397;-149.64;7.2463;1
840;8.1885;7.8936;138.36;11.474;1
841;-8.0615;1.2269;-322.44;12.175;1
842;1.9385;-7.6619;253.56;8.4234;1
843;-3.0615;5.6714;-34.445;8.2856;1
844;6.9385;-0.99528;-178.44;7.0101;1
845;-5.5615;-8.4027;109.56;11.979;1
846;4.4385;4.9307;-264.84;6.7705;1
847;-0.56152;-1.736;311.16;6.0576;1
848;9.4385;-3.9582;23.155;10.249;1
849;-9.624;9.3751;-120.84;15.761;1
850;0.37598;2.7084;167.16;3.7491;1
851;-4.624;-6.1805;-339.72;9.8269;1
852;5.376;7.1529;236.28;9.1261;1
853;-7.124;0.48621;-51.725;11.424;1
854;2.876;-9.1434;-195.72;10.031;1
855;-2.124;4.1899;92.275;6.6374;1
856;7.876;-2.4768;-224.52;8.2624;1
857;-8.374;-4.699;351.48;12.649;1
858;1.626;8.6344;63.475;9.3709;1
859;-3.374;1.9677;-80.525;7.4257;1
860;6.626;-6.9212;207.48;9.6992;1
861;-5.874;6.4121;-282.12;10.997;1
862;4.126;-0.25453;293.88;4.1338;1
863;-0.87402;-9.3903;5.8752;10.401;1
864;9.126;3.943;-138.12;9.9565;1
865;-8.999;-2.7237;149.88;13.005;1
866;1.001;-4.9459;-310.92;5.683;1
867;-3.999;8.3874;265.08;10.914;1
868;6.001;1.7208;-22.925;6.2478;1
869;-6.499;-7.1681;-166.92;11.93;1
870;3.501;6.1652;121.08;7.3609;1
871;-1.499;-0.50145;-253.32;6.8008;1
872;8.501;-7.9089;322.68;11.704;1
873;-7.749;5.4245;34.675;12.262;1
874;2.251;-1.2422;-109.32;2.6044;1
875;-2.749;-3.4644;178.68;6.8922;1
876;7.251;9.8689;-358.16;12.426;1
877;-5.249;3.2023;217.84;9.2906;1
878;4.751;-5.6866;-70.157;7.5637;1
879;-0.24902;7.6467;-214.16;8.556;1
880;9.751;0.98003;73.843;9.8004;1
881;-9.7803;-8.6496;-242.96;15.498;1
882;0.21973;4.6837;333.04;5.576;1
883;-4.7803;-1.9829;45.043;8.8145;1
884;5.2197;-4.2052;-98.957;6.7744;1
885;-7.2803;9.1282;189.04;13.74;1
886;2.7197;2.4615;-300.56;3.7702;1
887;-2.2803;-6.4274;275.44;8.3125;1
888;7.7197;6.906;-12.557;10.444;1
889;-8.5303;0.23929;-156.56;12.847;1
890;1.4697;-9.6373;131.44;10.368;1
891;-3.5303;3.6961;-329.36;7.7072;1
892;6.4697;-2.9706;246.64;7.137;1
893;-6.0303;-5.1928;-41.357;10.574;1
894;3.9697;8.1405;-185.36;9.3682;1
895;-1.0303;1.4739;102.64;6.0175;1
896;8.9697;-7.415;-271.76;11.711;1
897;-9.1553;5.9183;304.24;13.751;1
898;0.84473;-0.74836;16.243;1.459;-2
899;-4.1553;-8.1558;-127.76;10.833;1
900;5.8447;5.1776;160.24;7.8948;1
901;-6.6553;-1.4891;-335.12;10.744;1
902;3.3447;-3.7113;240.88;5.1387;1
903;-1.6553;9.622;-47.117;10.857;1
904;8.3447;2.9553;-191.12;8.8614;1
905;-7.9053;-5.9335;96.883;12.59;1
906;2.0947;7.3998;-219.92;8.1812;1
907;-2.9053;0.73312;356.08;7.4684;1
908;7.0947;-8.8965;68.083;11.538;1
909;-5.4053;4.4368;-75.917;9.7195;1
910;4.5947;-2.2298;212.08;5.1285;1
911;-0.40527;-4.4521;-277.52;5.6226;1
912;9.5947;8.8813;298.48;13.165;1
913;-9.4678;2.2146;10.483;13.48;1
914;0.53223;-6.6743;-133.52;7.4533;1
915;-4.4678;6.659;154.48;9.9966;1
916;5.5322;-0.0076208;-306.32;5.5322;1
917;-6.9678;-9.9756;269.68;14.083;1
918;3.0322;3.3577;-18.317;4.6691;1
919;-1.9678;-3.3089;-162.32;6.1014;1
920;8.0322;-5.5312;125.68;9.8014;1
921;-8.2178;7.8022;-248.72;13.724;1
922;1.7822;1.1355;327.28;2.1658;1
923;-3.2178;-7.7534;39.283;9.9362;1
924;6.7822;5.5799;-104.72;8.8556;1
925;-5.7178;-1.0867;183.28;9.9071;1
926;4.2822;-8.4941;-346.64;9.8116;1
927;-0.71777;4.8392;229.36;6.1163;1
928;9.2822;-1.8275;-58.637;9.4621;1
929;-8.8428;-4.0497;-202.64;12.974;1
930;1.1572;9.2836;85.363;10.013;1
931;-3.8428;2.617;-231.44;7.8451;1
932;6.1572;-6.2719;344.56;8.9022;1
933;-6.3428;7.0614;56.563;11.742;1
934;3.6572;0.39476;-87.437;3.6788;1
935;-1.3428;-9.2349;200.56;10.389;1
936;8.6572;4.0985;-289.04;9.5977;1
937;-7.5928;-2.5682;286.96;11.598;1
938;2.4072;-4.7904;-1.0368;5.69;1
939;-2.5928;8.5429;-145.04;10.261;1
940;7.4072;1.8762;142.96;7.6445;1
941;-5.0928;-7.0127;-317.84;10.707;1
942;4.9072;6.3207;258.16;8.1738;1
943;-0.092773;-0.34598;-29.837;7.7652;1
944;9.9072;-9.4818;-173.84;13.811;1
945;-9.8584;3.8515;114.16;13.947;1
946;0.1416;-2.8151;-260.24;3.9938;1
947;-4.8584;-5.0373;315.76;9.4399;1
948;5.1416;8.296;27.763;9.9928;1
949;-7.3584;1.6293;-116.24;11.417;1
950;2.6416;-7.2596;171.76;8.1391;1
951;-2.3584;6.0738;-352.4;8.0832;1
952;7.6416;-0.5929;223.6;7.6646;1
953;-8.6084;-8.0003;-64.397;14.16;1
954;1.3916;5.333;-208.4;6.0618;1
955;-3.6084;-1.3336;79.603;7.8162;1
956;6.3916;-3.5559;-237.2;7.3437;2
957;-6.1084;9.7775;338.8;13.342;1
958;3.8916;3.1108;50.803;5.0553;1
959;-1.1084;-5.7781;-93.197;7.1226;1
960;8.8916;7.5553;194.8;11.745;1
961;-9.2334;0.88858;-294.8;13.384;1
962;0.7666;-8.741;281.2;9.4855;1
963;-4.2334;4.5923;-6.7968;8.6864;1
964;5.7666;-2.0744;-150.8;6.1375;1
965;-6.7334;-4.2966;137.2;10.957;1
966;3.2666;9.0367;-323.6;10.013;1
967;-1.7334;2.3701;252.4;5.7431;1
968;8.2666;-6.5188;-35.597;10.594;1
969;-7.9834;6.8145;-179.6;13.032;1
970;2.0166;0.14784;108.4;2.0222;1
971;-2.9834;-9.7287;-266;11.49;1
972;7.0166;3.6046;310;7.9123;1
973;-5.4834;-3.062;22.003;9.5093;1
974;4.5166;-5.2843;-122;7.1001;1
975;-0.4834;8.0491;166;9.0042;1
976;9.5166;1.3824;-340.88;9.6172;1
977;-9.5459;-7.5065;235.12;14.74;1
978;0.4541;5.8269;-52.877;6.6287;1
979;-4.5459;-0.83981;-196.88;8.8688;1
980;5.4541;-8.2472;91.123;10.101;1
981;-7.0459;5.0861;-225.68;11.483;1
982;2.9541;-1.5806;350.32;3.3794;1
983;-2.0459;-3.8028;62.323;6.3721;1
984;7.9541;9.5306;-81.677;12.561;1
985;-8.2959;2.8639;206.32;12.304;1
986;1.7041;-6.025;-283.28;6.7716;1
987;-3.2959;7.3083;292.72;9.6335;1
988;6.7041;0.64167;4.7232;6.7349;1
989;-5.7959;-8.988;-139.28;12.558;1
990;4.2041;4.3454;148.72;6.1671;1
991;-0.7959;-2.3213;-312.08;4.8342;1
992;9.2041;-4.5435;263.92;10.286;1
993;-8.9209;8.7898;-24.077;14.846;1
994;1.0791;2.1232;-168.08;2.8751;1
995;-3.9209;-6.7657;119.92;9.659;1
996;6.0791;6.5676;-254.48;9.0753;1
997;-6.4209;-0.09907;321.52;10.885;1
998;3.5791;-9.811;33.523;10.842;1
999;-1.4209;3.5223;-110.48;5.689;1
1000;8.5791;-3.1443;177.52;9.1468;1
