1;-10;-10;-360;17.402;1
2;0;3.3333;216;4.7705;1
3;-5;-3.3333;-72;8.0883;1
4;5;-5.5556;-216;8.9593;1
5;-7.5;7.7778;72;10.671;1
6;2.5;1.1111;-244.8;8.0914;1
7;-2.5;-7.7778;331.2;14.533;1
8;7.5;5.5556;43.2;7.3762;1
9;-8.75;-1.1111;-100.8;10.74;1
10;1.25;-8.5185;187.2;13.156;1
11;-3.75;4.8148;-302.4;10.017;1
12;6.25;-1.8519;273.6;11.175;1
13;-6.25;-4.0741;-14.4;10.759;1
14;3.75;9.2593;-158.4;13.14;1
15;-1.25;2.5926;129.6;5.7219;1
16;8.75;-6.2963;-331.2;14.586;1
17;-9.375;7.037;244.8;11.927;1
18;0.625;0.37037;-43.2;2.3111;-2
19;-4.375;-9.2593;-187.2;9.5017;1
20;5.625;4.0741;100.8;5.7414;1
21;-6.875;-2.5926;-273.6;9.3136;1
22;3.125;-4.8148;302.4;10.661;1
23;-1.875;8.5185;14.4;8.6929;1
24;8.125;1.8519;-129.6;8.7176;1
25;-8.125;-7.037;158.4;16.606;1
26;1.875;6.2963;-336.96;12.052;1
27;-3.125;-0.37037;239.04;14.379;1
28;6.875;-9.5062;-48.96;9.3595;1
29;-5.625;3.8272;-192.96;13.96;1
30;4.375;-2.8395;95.04;6.1824;1
31;-0.625;-5.0617;-221.76;6.109;1
32;9.375;8.2716;354.24;16.098;1
33;-9.6875;1.6049;66.24;12.17;1
34;0.3125;-7.284;-77.76;6.3619;1
35;-4.6875;6.0494;210.24;7.9659;1
36;5.3125;-0.61728;-279.36;10.052;1
37;-7.1875;-8.0247;296.64;16.959;1
38;2.8125;5.3086;8.64;5.2003;1
39;-2.1875;-1.358;-135.36;6.9327;1
40;7.8125;-3.5802;152.64;10.164;1
41;-8.4375;9.7531;-308.16;18.718;1
42;1.5625;3.0864;267.84;7.2998;1
43;-3.4375;-5.8025;-20.16;8.3682;1
44;6.5625;7.5309;-164.16;12.527;1
45;-5.9375;0.8642;123.84;8.3747;1
46;4.0625;-8.7654;-250.56;11.299;1
47;-0.9375;4.5679;325.44;9.1;1
48;9.0625;-2.0988;37.44;7.4303;1
49;-9.0625;-4.321;-106.56;10.623;1
50;0.9375;9.0123;181.44;8.3042;1
51;-4.0625;2.3457;-348.48;16.2;1
52;5.9375;-6.5432;227.52;12.95;1
53;-6.5625;6.7901;-60.48;13.635;1
54;3.4375;0.12346;-204.48;7.356;1
55;-1.5625;-9.7531;83.52;12.468;1
56;8.4375;3.5802;-233.28;12.771;1
57;-7.8125;-3.0864;342.72;18.315;1
58;2.1875;-5.3086;54.72;6.9428;1
59;-2.8125;8.0247;-89.28;12.318;1
60;7.1875;1.358;198.72;9.5026;1
61;-5.3125;-7.5309;-290.88;11.269;1
62;4.6875;5.8025;285.12;10.995;1
63;-0.3125;-0.8642;-2.88;12.036;1
64;9.6875;-8.2716;-146.88;11.026;1
65;-9.8438;5.0617;141.12;11.135;1
66;0.15625;-1.6049;-319.68;6.8619;1
67;-4.8438;-3.8272;256.32;13.612;1
68;5.1563;9.5062;-31.68;9.5096;1
69;-7.3438;2.8395;-175.68;15.196;1
70;2.6563;-6.0494;112.32;9.3216;1
71;-2.3438;7.284;-262.08;13.413;1
72;7.6563;0.61728;313.92;12.226;1
73;-8.5938;-9.0123;25.92;14.578;1
74;1.4063;4.321;-118.08;8.656;1
75;-3.5938;-2.3457;169.92;12.257;1
76;6.4063;-4.5679;-354.24;12.455;1
77;-6.0938;8.7654;221.76;10.461;1
78;3.9063;2.0988;-66.24;4.5691;1
79;-1.0938;-6.7901;-210.24;7.1586;1
80;8.9063;6.5432;77.76;8.7839;1
81;-9.2188;-0.12346;-239.04;10.713;1
82;0.78125;-9.8354;336.96;14.914;1
83;-4.2188;3.4979;48.96;8.1639;1
84;5.7813;-3.1687;-95.04;5.4705;1
85;-6.7188;-5.3909;192.96;15.153;1
86;3.2813;7.9424;-296.64;13.33;1
87;-1.7188;1.2757;279.36;5.2778;1
88;8.2813;-7.6132;-8.64;8.9489;1
89;-7.9688;5.7202;-152.64;16.088;1
90;2.0313;-0.9465;135.36;7.5593;1
91;-2.9688;-8.3539;-325.44;12.311;1
92;7.0313;4.9794;250.56;11.34;1
93;-5.4688;-1.6872;-37.44;10.155;1
94;4.5313;-3.9095;-181.44;6.908;1
95;-0.46875;9.4239;106.56;8.119;1
96;9.5313;2.7572;-267.84;13.765;1
97;-9.5313;-6.1317;308.16;18.469;1
98;0.46875;7.2016;20.16;6.7401;1
99;-4.5313;0.53498;-123.84;13.326;1
100;5.4688;-9.0947;164.16;13.393;1
101;-7.0313;4.2387;-342.72;17.575;1
102;2.9688;-2.428;233.28;9.0433;1
103;-2.0313;-4.6502;-54.72;6.1137;1
104;7.9688;8.6831;-198.72;14.723;1
105;-8.2813;2.0165;89.28;10.421;1
106;1.7188;-6.8724;-227.52;8.2427;1
107;-3.2813;6.4609;348.48;11.674;1
108;6.7188;-0.20576;60.48;5.5141;1
109;-5.7813;-9.3416;-83.52;10.166;1
110;4.2188;3.9918;204.48;7.4942;1
111;-0.78125;-2.6749;-285.12;6.3856;1
112;9.2188;-4.8971;290.88;14.456;1
113;-8.9063;8.4362;2.88;13.643;1
114;1.0938;1.7695;-141.12;8.559;1
115;-3.9063;-7.1193;146.88;13.718;1
116;6.0938;6.214;-313.92;13.211;1
117;-6.4063;-0.45267;262.08;15.703;1
118;3.5938;-7.8601;-25.92;7.1383;1
119;-1.4063;5.4733;-169.92;11.634;1
120;8.5938;-1.1934;118.08;8.4263;1
121;-7.6563;-3.4156;-256.32;9.7242;1
122;2.3438;9.9177;319.68;13.536;1
123;-2.6563;3.251;31.68;8.5013;1
124;7.3438;-5.6379;-112.32;7.6831;1
125;-5.1563;7.6955;175.68;8.8459;1
126;4.8438;1.0288;-355.39;10.173;1
127;-0.15625;-8.6008;220.61;13.678;1
128;9.8438;4.7325;-67.392;9.3141;1
129;-9.9219;-1.9342;-211.39;10.973;1
130;0.078125;-4.1564;76.608;8.5431;1
131;-4.9219;9.177;-240.19;15.803;1
132;5.0781;2.5103;335.81;10.65;1
133;-7.4219;-6.3786;47.808;13.825;1
134;2.5781;6.9547;-96.192;9.4997;1
135;-2.4219;0.28807;191.81;5.9106;1
136;7.5781;-9.5885;-297.79;14.986;1
137;-8.6719;3.7449;278.21;11.046;1
138;1.3281;-2.9218;-9.792;3.2821;-2
139;-3.6719;-5.144;-153.79;6.6416;1
140;6.3281;8.1893;134.21;8.7072;1
141;-6.1719;1.5226;-326.59;17.133;1
142;3.8281;-7.3663;249.41;12.978;1
143;-1.1719;5.9671;-38.592;8.7142;1
144;8.8281;-0.69959;-182.59;10.322;1
145;-9.2969;-8.107;105.41;17.145;1
146;0.70313;5.2263;-268.99;10.993;1
147;-4.2969;-1.4403;307.01;15.464;1
148;5.7031;-3.6626;19.008;5.5087;1
149;-6.7969;9.6708;-124.99;16.434;1
150;3.2031;3.0041;163.01;5.1052;1
151;-1.7969;-5.8848;-332.35;10.414;1
152;8.2031;7.4486;243.65;12.82;1
153;-8.0469;0.78189;-44.352;14.798;1
154;1.9531;-8.8477;-188.35;8.5255;1
155;-3.0469;4.4856;99.648;6.09;1
156;6.9531;-2.1811;-217.15;9.86;1
157;-5.5469;-4.4033;358.85;16.941;1
158;4.4531;8.93;70.848;8.0735;1
159;-0.54688;2.2634;-73.152;10.121;1
160;9.4531;-6.6255;214.85;14.532;1
161;-9.6094;6.7078;-274.75;17.976;1
162;0.39063;0.041152;301.25;6.8519;2
163;-4.6094;-9.9177;13.248;11.813;1
164;5.3906;3.4156;-130.75;8.1414;1
165;-7.1094;-3.251;157.25;15.016;1
166;2.8906;-5.4733;-303.55;10.247;1
167;-2.1094;7.8601;272.45;10.017;1
168;7.8906;1.1934;-15.552;6.2816;1
169;-8.3594;-7.6955;-159.55;10.832;1
170;1.6406;5.6379;128.45;5.0936;1
171;-3.3594;-1.0288;-245.95;6.121;1
172;6.6406;-8.4362;330.05;14.864;1
173;-5.8594;4.8971;42.048;9.4846;1
174;4.1406;-1.7695;-101.95;4.0605;1
175;-0.85938;-3.9918;186.05;10.587;1
176;9.1406;9.3416;-343.87;16.669;1
177;-8.9844;2.6749;232.13;10.342;1
178;1.0156;-6.214;-55.872;5.5076;1
179;-3.9844;7.1193;-199.87;14.096;1
180;6.0156;0.45267;88.128;5.315;1
181;-6.4844;-9.177;-228.67;11.043;1
182;3.5156;4.1564;347.33;10.47;1
183;-1.4844;-2.5103;59.328;10.057;1
184;8.5156;-4.7325;-84.672;7.8261;1
185;-7.7344;8.6008;203.33;11.01;1
186;2.2656;1.9342;-286.27;8.7159;1
187;-2.7344;-6.9547;289.73;13.544;1
188;7.2656;6.3786;1.728;7.7263;1
189;-5.2344;-0.28807;-142.27;7.8797;1
190;4.7656;-9.4239;145.73;13.011;1
191;-0.23438;3.9095;-315.07;8.9058;1
192;9.7656;-2.7572;260.93;13.854;1
193;-9.7656;-4.9794;-27.072;13.045;1
194;0.23438;8.3539;-171.07;12.983;1
195;-4.7656;1.6872;116.93;7.3736;1
196;5.2344;-7.2016;-257.47;11.254;1
197;-7.2656;6.1317;318.53;12.376;1
198;2.7344;-0.53498;30.528;2.2824;1
199;-2.2656;-7.9424;-113.47;7.5219;1
200;7.7344;5.3909;174.53;9.4337;1
201;-8.5156;-1.2757;-349.63;12.692;1
202;1.4844;-3.4979;226.37;9.5343;1
203;-3.5156;9.8354;-61.632;12.789;1
204;6.4844;3.1687;-205.63;10.765;1
205;-6.0156;-5.7202;82.368;13.601;1
206;3.9844;7.6132;-234.43;13.12;1
207;-1.0156;0.9465;341.57;6.8075;1
208;8.9844;-8.6831;53.568;10.723;1
209;-9.1406;4.6502;-90.432;16.076;1
210;0.85938;-2.0165;197.57;8.6262;1
211;-4.1406;-4.2387;-292.03;8.6652;1
212;5.8594;9.0947;283.97;13.433;1
213;-6.6406;2.428;-4.032;12.058;1
214;3.3594;-6.4609;-148.03;6.4384;1
215;-1.6406;6.8724;139.97;6.5569;1
216;8.3594;0.20576;-320.83;12.818;1
217;-7.8906;-9.6708;255.17;17.756;1
218;2.1094;3.6626;-32.832;4.8348;-2
219;-2.8906;-3.0041;-176.83;5.4406;1
220;7.1094;-5.2263;111.17;9.3715;1
221;-5.3906;8.107;-263.23;15.493;1
222;4.6094;1.4403;312.77;9.8899;1
223;-0.39063;-7.4486;24.768;8.4583;1
224;9.6094;5.8848;-119.23;11.286;1
225;-9.4531;-0.78189;168.77;16.977;1
226;0.54688;-8.1893;-338.11;12.32;1
227;-4.4531;5.144;237.89;7.8034;1
228;5.5469;-1.5226;-50.112;4.5603;1
229;-6.9531;-3.7449;-194.11;8.6983;1
230;3.0469;9.5885;93.888;8.2514;1
231;-1.9531;2.9218;-222.91;8.1078;1
232;8.0469;-5.9671;353.09;14.225;1
233;-8.2031;7.3663;65.088;11.151;1
234;1.7969;0.69959;-78.912;8.6779;1
235;-3.2031;-8.93;209.09;14.835;1
236;6.7969;4.4033;-280.51;12.619;1
237;-5.7031;-2.2634;295.49;15.424;1
238;4.2969;-4.4856;7.488;5.1745;1
239;-0.70313;8.8477;-136.51;12.982;1
240;9.2969;2.1811;151.49;9.4732;1
241;-8.8281;-6.7078;-309.31;13.276;1
242;1.1719;6.6255;266.69;9.2253;1
243;-3.8281;-0.041152;-21.312;11.063;1
244;6.1719;-9.9451;-165.31;10.322;1
245;-6.3281;3.3882;122.69;8.2766;1
246;3.6719;-3.2785;-251.71;8.4306;1
247;-1.3281;-5.5007;324.29;12.557;1
248;8.6719;7.8326;36.288;9.2472;1
249;-7.5781;1.166;-107.71;15.324;1
250;2.4219;-7.7229;180.29;12.359;1
251;-2.5781;5.6104;-357.7;14.557;1
252;7.4219;-1.0562;218.3;10.795;1
253;-5.0781;-8.4636;-69.696;9.4192;1
254;4.9219;4.8697;-213.7;11.204;1
255;-0.078125;-1.797;74.304;10.17;1
256;9.9219;-4.0192;-242.5;13.081;1
257;-9.9609;9.3141;333.5;16.15;1
258;0.039063;2.6475;45.504;9.2396;1
259;-4.9609;-6.2414;-98.496;8.0615;1
260;5.0391;7.0919;189.5;8.7728;1
261;-7.4609;0.42524;-300.1;10.305;1
262;2.5391;-9.2044;275.9;14.178;1
263;-2.4609;4.1289;-12.096;8.7893;1
264;7.5391;-2.5377;-156.1;8.2426;1
265;-8.7109;-4.7599;131.9;16.315;1
266;1.2891;8.5734;-328.9;13.794;1
267;-3.7109;1.9067;247.1;6.3104;1
268;6.2891;-6.9822;-40.896;7.4846;1
269;-6.2109;6.3512;-184.9;15.119;1
270;3.7891;-0.3155;103.1;4.4403;1
271;-1.2109;-9.4513;-271.3;11.186;1
272;8.7891;3.882;304.7;13.479;1
273;-9.3359;-2.7846;16.704;14.405;1
274;0.66406;-5.0069;-127.3;4.5646;1
275;-4.3359;8.3265;160.7;8.7298;1
276;5.6641;1.6598;-334.66;10.925;1
277;-6.8359;-7.2291;241.34;15.927;1
278;3.1641;6.1043;-46.656;7.0744;1
279;-1.8359;-0.56241;-190.66;6.0011;1
280;8.1641;-7.9698;97.344;11.173;1
281;-8.0859;5.3635;-219.46;16.162;1
282;1.9141;-1.3032;356.54;8.0941;1
283;-3.0859;-3.5254;68.544;10.891;1
284;6.9141;9.808;-75.456;11.352;1
285;-5.5859;3.1413;212.54;7.6115;1
286;4.4141;-5.7476;-277.06;10.594;1
287;-0.58594;7.5857;298.94;10.682;1
288;9.4141;0.91907;10.944;7.4293;1
289;-9.6484;-8.7106;-133.06;12.11;1
290;0.35156;4.6228;154.94;4.4358;1
291;-4.6484;-2.0439;-305.86;8.4219;1
292;5.3516;-4.2661;270.14;11.63;1
293;-7.1484;9.0672;-17.856;13.287;1
294;2.8516;2.4005;-161.86;7.8101;1
295;-2.1484;-6.4883;126.14;12.015;1
296;7.8516;6.845;-248.26;14.297;1
297;-8.3984;0.17833;327.74;11.787;1
298;1.6016;-9.6982;39.744;9.8532;1
299;-3.3984;3.6351;-104.26;11.749;1
300;6.6016;-3.0316;183.74;10.178;1
301;-5.8984;-5.2538;-346.18;12.053;1
302;4.1016;8.0796;229.82;10.177;1
303;-0.89844;1.4129;-58.176;10.92;1
304;9.1016;-7.476;-202.18;12.032;1
305;-9.0234;5.8573;85.824;11.065;1
306;0.97656;-0.80933;-230.98;6.134;1
307;-4.0234;-8.2167;345.02;16.049;1
308;5.9766;5.1166;57.024;6.245;1
309;-6.5234;-1.5501;-86.976;9.3132;1
310;3.4766;-3.7723;201.02;9.7336;1
311;-1.5234;9.561;-288.58;14.786;1
312;8.4766;2.8944;287.42;12.794;1
313;-7.7734;-5.9945;-0.576;12.409;1
314;2.2266;7.3388;-144.58;11.313;1
315;-2.7734;0.67215;143.42;6.9989;1
316;7.2266;-8.9575;-317.38;14.83;1
317;-5.2734;4.3759;258.62;8.3925;1
318;4.7266;-2.2908;-29.376;4.1419;1
319;-0.27344;-4.513;-173.38;4.6125;1
320;9.7266;8.8203;114.62;10.7;1
321;-9.8047;2.1536;-259.78;17.665;1
322;0.19531;-6.7353;316.22;12.426;1
323;-4.8047;6.5981;28.224;9.3305;1
324;5.1953;-0.068587;-115.78;5.5164;1
325;-7.3047;-9.7805;172.22;17.335;1
326;2.6953;3.5528;-351.94;9.7446;1
327;-2.3047;-3.1139;224.06;8.2888;1
328;7.6953;-5.3361;-63.936;7.4138;1
329;-8.5547;7.9973;-207.94;17.369;1
330;1.4453;1.3306;80.064;1.6618;2
331;-3.5547;-7.5583;-236.74;8.9389;1
332;6.4453;5.775;339.26;12.947;1
333;-6.0547;-0.89163;51.264;13.504;1
334;3.9453;-8.299;-92.736;7.4793;1
335;-1.0547;5.0343;195.26;5.4774;1
336;8.9453;-1.6324;-294.34;13.116;1
337;-9.1797;-3.8546;281.66;17.454;1
338;0.82031;9.4787;-6.336;8.9046;1
339;-4.1797;2.8121;-150.34;12.686;1
340;5.8203;-6.0768;137.66;10.431;1
341;-6.6797;7.2565;-323.14;16.968;1
342;3.3203;0.58985;252.86;8.0782;1
343;-1.6797;-9.0398;-35.136;8.5237;1
344;8.3203;4.2936;-179.14;11.704;1
345;-7.9297;-2.3731;108.86;15.441;1
346;2.0703;-4.5953;-265.54;8.2807;1
347;-2.9297;8.738;310.46;12.119;1
348;7.0703;2.0713;22.464;5.7906;1
349;-5.4297;-6.8176;-121.54;8.5349;1
350;4.5703;6.5158;166.46;7.5062;1
351;-0.42969;-0.15089;-340.42;6.0035;1
352;9.5703;-9.2867;235.58;16.478;1
353;-9.4922;4.0466;-52.416;15.479;1
354;0.50781;-2.62;-196.42;4.1168;1
355;-4.4922;-4.8422;91.584;12.49;1
356;5.5078;8.4911;-225.22;14.11;1
357;-6.9922;1.8244;350.78;11.651;1
358;3.0078;-7.0645;62.784;8.3683;1
359;-1.9922;6.2689;-81.216;10.759;1
360;8.0078;-0.39781;206.78;10.714;1
361;-8.2422;-7.8052;-282.82;12.614;1
362;1.7578;5.5281;293.18;9.5068;1
363;-3.2422;-1.1385;5.184;10.761;1
364;6.7578;-3.3608;-138.82;7.1564;1
365;-5.7422;9.9726;149.18;10.41;1
366;4.2578;3.3059;-311.62;10.572;1
367;-0.74219;-5.583;264.38;11.618;1
368;9.2578;7.7503;-23.616;9.793;1
369;-8.8672;1.0837;-167.62;16.479;1
370;1.1328;-8.546;120.38;11.78;1
371;-3.8672;4.7874;-254.02;13.014;1
372;6.1328;-1.8793;321.98;11.321;1
373;-6.3672;-4.1015;33.984;12.484;1
374;3.6328;9.2318;-110.02;11.659;1
375;-1.3672;2.5652;177.98;4.2156;1
376;8.6328;-6.3237;-358.85;14.693;1
377;-7.6172;7.0096;217.15;10.33;1
378;2.3828;0.34294;-70.848;3.2664;-2
379;-2.6172;-9.5336;-214.85;9.6102;1
380;7.3828;3.7997;73.152;6.6258;1
381;-5.1172;-2.8669;-243.65;7.4804;1
382;4.8828;-5.0892;332.35;11.93;1
383;-0.11719;8.2442;44.352;7.336;1
384;9.8828;1.5775;-99.648;8.946;1
385;-9.8828;-7.3114;188.35;18.03;1
386;0.11719;6.0219;-301.25;11.796;1
387;-4.8828;-0.64472;274.75;15.115;1
388;5.1172;-8.0521;-13.248;7.7775;1
389;-7.3828;5.2812;-157.25;15.559;1
390;2.6172;-1.3855;130.75;7.1482;1
391;-2.3828;-3.6077;-330.05;8.792;1
392;7.6172;9.7257;245.95;13.593;1
393;-8.6328;3.059;-42.048;14.606;1
394;1.3672;-5.8299;-186.05;6.0895;1
395;-3.6328;7.5034;101.95;7.8745;1
396;6.3672;0.83676;-272.45;10.982;1
397;-6.1328;-8.7929;303.55;16.7;1
398;3.8672;4.5405;15.552;4.8647;1
399;-1.1328;-2.1262;-128.45;6.5324;1
400;8.8672;-4.3484;159.55;11.412;1
401;-9.2578;8.9849;-335.81;19.676;1
402;0.74219;2.3182;240.19;5.679;1
403;-4.2578;-6.5706;-47.808;8.4119;1
404;5.7422;6.7627;-191.81;12.407;1
405;-6.7578;0.096022;96.192;9.8362;1
406;3.2422;-9.8628;-220.61;10.64;1
407;-1.7578;3.4705;355.39;9.2274;1
408;8.2422;-3.1962;67.392;7.5976;1
409;-8.0078;-5.4184;-76.608;10.365;1
410;1.9922;7.915;211.39;8.5264;1
411;-3.0078;1.2483;-278.21;14.906;1
412;6.9922;-7.6406;297.79;14.519;1
413;-5.5078;5.6927;9.792;10.299;1
414;4.4922;-0.97394;-134.21;5.3179;1
415;-0.50781;-8.3813;153.79;12.93;1
416;9.4922;4.952;-307.01;14.702;1
417;-9.5703;-1.7147;268.99;17.725;1
418;0.42969;-3.9369;-19.008;5.2948;-2
419;-4.5703;9.3964;-163.01;15.513;1
420;5.4297;2.7298;124.99;5.6743;1
421;-7.0703;-6.1591;-249.41;10.143;1
422;2.9297;7.1742;326.59;11.877;1
423;-2.0703;0.50754;38.592;10.739;1
424;7.9297;-9.1221;-105.41;9.7467;1
425;-8.3203;4.2112;182.59;9.8103;1
426;1.6797;-2.4554;-347.33;8.5127;1
427;-3.3203;-4.6776;228.67;12.508;1
428;6.6797;8.6557;-59.328;9.9577;1
429;-5.8203;1.989;-203.33;14.049;1
430;4.1797;-6.8999;84.672;8.9569;1
431;-0.82031;6.4335;-232.13;12.245;1
432;9.1797;-0.2332;343.87;13.501;1
433;-8.9453;-9.369;55.872;15.96;1
434;1.0547;3.9643;-88.128;8.0232;1
435;-3.9453;-2.7023;199.87;12.532;1
436;6.0547;-4.9246;-289.73;11.6;1
437;-6.4453;8.4088;286.27;12.175;1
438;3.5547;1.7421;-1.728;3.1548;1
439;-1.4453;-7.1468;-145.73;6.6947;1
440;8.5547;6.1866;142.27;9.3182;1
441;-7.6953;-0.48011;-318.53;10.948;1
442;2.3047;-7.8875;257.47;13.12;1
443;-2.6953;5.4458;-30.528;9.475;1
444;7.3047;-1.2209;-174.53;8.7854;1
445;-5.1953;-3.4431;113.47;13.281;1
446;4.8047;9.8903;-260.93;15.145;1
447;-0.19531;3.2236;315.07;7.8079;1
448;9.8047;-5.6653;27.072;9.0981;1
449;-9.7266;7.668;-116.93;17.545;1
450;0.27344;1.0014;171.07;6.5244;1
451;-4.7266;-8.6283;-353.09;13.841;1
452;5.2734;4.7051;222.91;9.1004;1
453;-7.2266;-1.9616;-65.088;10.296;1
454;2.7734;-4.1838;-209.09;6.6653;1
455;-2.2266;9.1495;78.912;8.3978;1
456;7.7734;2.4829;-237.89;11.971;1
457;-8.4766;-6.406;338.11;18.594;1
458;1.5234;6.9273;50.112;6.0674;1
459;-3.4766;0.26063;-93.888;12.673;1
460;6.5234;-9.6159;194.11;14.756;1
461;-5.9766;3.7174;-295.49;15.276;1
462;4.0234;-2.9492;280.51;10.207;1
463;-0.97656;-5.1715;-7.488;6.7962;1
464;9.0234;8.1619;-151.49;13.512;1
465;-9.1016;1.4952;136.51;10.458;1
466;0.89844;-7.3937;-324.29;11.43;1
467;-4.1016;5.9396;251.71;8.4431;1
468;5.8984;-0.72702;-36.288;4.6918;1
469;-6.6016;-8.1344;-180.29;9.9401;1
470;3.3984;5.1989;107.71;5.147;1
471;-1.6016;-1.4678;-266.69;4.9335;1
472;8.3984;-3.69;309.31;13.493;1
473;-7.8516;9.6433;21.312;12.718;1
474;2.1484;2.9767;-122.69;7.6017;1
475;-2.8516;-5.9122;165.31;12.656;1
476;7.1484;7.4211;-341.57;14.498;1
477;-5.3516;0.75446;234.43;7.6247;1
478;4.6484;-8.8752;-53.568;8.0945;1
479;-0.35156;4.4582;-197.57;10.633;1
480;9.6484;-2.2085;90.432;8.7285;1
481;-9.4141;-4.4307;-226.37;10.858;1
482;0.58594;8.9026;349.63;13.123;1
483;-4.4141;2.2359;61.632;8.4108;1
484;5.5859;-6.6529;-82.368;6.963;1
485;-6.9141;6.6804;205.63;9.6047;1
486;3.0859;0.013717;-283.97;8.4432;1
487;-1.9141;-9.9726;292.03;15.219;1
488;8.0859;3.3608;4.032;6.8946;1
489;-8.1641;-3.3059;-139.97;9.622;1
490;1.8359;-5.5281;148.03;10.068;1
491;-3.1641;7.8052;-312.77;14.565;1
492;6.8359;1.1385;263.23;10.962;1
493;-5.6641;-7.7503;-24.768;10.402;1
494;4.3359;5.583;-168.77;10.613;1
495;-0.66406;-1.0837;119.23;9.7682;1
496;9.3359;-8.4911;-255.17;14.366;1
497;-8.7891;4.8422;320.83;12.833;1
498;1.2109;-1.8244;32.832;3.3068;-2
499;-3.7891;-4.0466;-111.17;6.4527;1
500;6.2109;9.2867;176.83;10.251;1
501;-6.2891;2.62;-356.54;17.822;1
502;3.7109;-6.2689;219.46;11.912;1
503;-1.2891;7.0645;-68.544;10.262;1
504;8.7109;0.39781;-212.54;11.413;1
505;-7.5391;-9.2318;75.456;15.529;1
506;2.4609;4.1015;-241.34;10.174;1
507;-2.5391;-2.5652;334.66;8.4724;1
508;7.4609;-4.7874;46.656;7.4841;1
509;-5.0391;8.546;-97.344;14.176;1
510;4.9609;1.8793;190.66;7.4422;1
511;-0.039063;-7.0096;-298.94;10.28;1
512;9.9609;6.3237;277.06;14.562;1
513;-9.9805;-0.34294;-10.944;14.631;1
514;0.019531;-9.4787;-154.94;8.2589;1
515;-4.9805;3.8546;133.06;7.2185;1
516;5.0195;-2.8121;-327.74;10.651;1
517;-7.4805;-5.0343;248.26;15.74;1
518;2.5195;8.299;-39.744;8.6323;1
519;-2.4805;1.6324;-183.74;7.5025;1
520;7.5195;-7.2565;104.26;10.67;1
521;-8.7305;6.0768;-270.14;17.106;1
522;1.2695;-0.58985;305.86;7.4222;1
523;-3.7305;-7.9973;17.856;10.525;1
524;6.2695;5.3361;-126.14;9.6463;1
525;-6.2305;-1.3306;161.86;14.416;1
526;3.7695;-3.5528;-333.5;10.161;1
527;-1.2305;9.7805;242.5;10.455;1
528;8.7695;3.1139;-45.504;7.579;1
529;-9.3555;-5.775;-189.5;10.933;1
530;0.64453;7.5583;98.496;6.5327;1
531;-4.3555;0.89163;-218.3;13.344;1
532;5.6445;-8.738;357.7;14.827;1
533;-6.8555;4.5953;69.696;9.526;1
534;3.1445;-2.0713;-74.304;3.0509;1
535;-1.8555;-4.2936;213.7;11.374;1
536;8.1445;9.0398;-275.9;15.927;1
537;-8.1055;2.3731;300.1;10.91;1
538;1.8945;-6.5158;12.096;6.5794;1
539;-3.1055;6.8176;-131.9;12.868;1
540;6.8945;0.15089;156.1;8.0632;1
541;-5.6055;-9.7257;-304.7;13.372;1
542;4.3945;3.6077;271.3;9.5631;1
543;-0.60547;-3.059;-16.704;10.093;1
544;9.3945;-5.2812;-160.7;10.193;1
545;-9.668;8.0521;127.3;11.872;1
546;0.33203;1.3855;-247.1;7.5392;1
547;-4.668;-7.5034;328.9;15.735;1
548;5.332;5.8299;40.896;6.3079;1
549;-7.168;-0.83676;-103.1;9.63;1
550;2.832;-8.2442;184.9;12.854;1
551;-2.168;5.0892;-345.02;10.308;1
552;7.832;-1.5775;230.98;11.558;1
553;-8.418;-3.7997;-57.024;11.089;1
554;1.582;9.5336;-201.02;14.095;1
555;-3.418;2.8669;86.976;6.6839;1
556;6.582;-6.0219;-229.82;10.703;1
557;-5.918;7.3114;346.18;13.273;1
558;4.082;0.64472;58.176;3.3721;1
559;-0.91797;-8.9849;-85.824;7.8804;2
560;9.082;4.3484;202.18;11.191;1
561;-9.043;-2.3182;-287.42;11.27;1
562;0.95703;-4.5405;288.58;10.448;1
563;-4.043;8.7929;0.576;10.464;1
564;5.957;2.1262;-143.42;8.0068;1
565;-6.543;-6.7627;144.58;15.307;1
566;3.457;6.5706;-316.22;12.36;1
567;-1.543;-0.096022;259.78;5.8076;1
568;8.457;-9.808;-28.224;10.292;1
569;-7.793;3.5254;-172.22;15.592;1
570;2.207;-3.1413;115.78;7.5003;1
571;-2.793;-5.3635;-258.62;7.7659;1
572;7.207;7.9698;317.38;14.279;1
573;-5.293;1.3032;29.376;10.541;1
574;4.707;-7.5857;-114.62;7.3296;1
575;-0.29297;5.7476;173.38;5.5715;1
576;9.707;-0.91907;-350.78;13.949;1
577;-9.8242;-8.3265;225.22;18.366;1
578;0.17578;5.0069;-62.784;8.2366;1
579;-4.8242;-1.6598;-206.78;6.9995;1
580;5.1758;-3.882;81.216;6.7068;1
581;-7.3242;9.4513;-235.58;17.288;1
582;2.6758;2.7846;340.42;9.1807;1
583;-2.3242;-6.1043;52.416;10.055;1
584;7.6758;7.2291;-91.584;10.285;1
585;-8.5742;0.56241;196.42;10.06;1
586;1.4258;-9.0672;-293.18;11.948;1
587;-3.5742;4.2661;282.82;8.0973;1
588;6.4258;-2.4005;-5.184;5.3993;1
589;-6.0742;-4.6228;-149.18;8.1823;1
590;3.9258;8.7106;138.82;8.0611;1
591;-1.0742;2.0439;-321.98;7.453;1
592;8.9258;-6.845;254.02;14.961;1
593;-9.1992;6.4883;-33.984;14.794;1
594;0.80078;-0.17833;-177.98;7.1371;1
595;-4.1992;-9.3141;110.02;14.36;1
596;5.8008;4.0192;-264.38;11.728;1
597;-6.6992;-2.6475;311.62;16.552;1
598;3.3008;-4.8697;23.616;5.4724;1
599;-1.6992;8.4636;-120.38;12.782;1
600;8.3008;1.797;167.62;9.258;1
601;-7.9492;-7.0919;-339.26;13.989;1
602;2.0508;6.2414;236.74;8.2853;1
603;-2.9492;-0.42524;-51.264;10.019;1
604;7.0508;-7.8326;-195.26;10.565;1
605;-5.4492;5.5007;92.736;8.2047;1
606;4.5508;-1.166;-224.06;8.26;1
607;-0.44922;-3.3882;351.94;8.8248;1
608;9.5508;9.9451;63.936;10.923;1
609;-9.5117;3.2785;-80.064;16.162;1
610;0.48828;-5.6104;207.94;11.226;1
611;-4.5117;7.7229;-281.66;14.92;1
612;5.4883;1.0562;294.34;10.369;1
613;-7.0117;-8.5734;6.336;12.621;1
614;2.9883;4.7599;-137.66;9.0451;1
615;-2.0117;-1.9067;150.34;11.098;1
616;7.9883;-4.1289;-310.46;13.034;1
617;-8.2617;9.2044;265.54;12.884;1
618;1.7383;2.5377;-22.464;3.6264;-2
619;-3.2617;-6.3512;-166.46;7.0189;1
620;6.7383;6.9822;121.54;8.0713;1
621;-5.7617;0.3155;-252.86;15.125;1
622;4.2383;-9.561;323.14;14.8;1
623;-0.76172;3.7723;35.136;8.4065;1
624;9.2383;-2.8944;-108.86;8.2815;1
625;-8.8867;-5.1166;179.14;16.689;1
626;1.1133;8.2167;-359.08;14.008;1
627;-3.8867;1.5501;216.92;6.3067;1
628;6.1133;-7.3388;-71.078;7.6251;1
629;-6.3867;5.9945;-215.08;15.109;1
630;3.6133;-0.67215;72.922;3.6456;1
631;-1.3867;-8.0796;-243.88;9.1696;1
632;8.6133;5.2538;332.12;14.074;1
633;-7.6367;-1.4129;44.122;14.292;1
634;2.3633;-3.6351;-99.878;3.6388;1
635;-2.6367;9.6982;188.12;9.2354;1
636;7.3633;3.0316;-301.48;12.524;1
637;-5.1367;-5.8573;274.52;14.449;1
638;4.8633;7.476;-13.478;7.5716;1
639;-0.13672;0.80933;-157.48;8.519;1
640;9.8633;-8.8203;130.52;13.604;1
641;-9.9023;4.513;-330.28;19.337;1
642;0.097656;-2.1536;245.72;7.7484;1
643;-4.9023;-4.3759;-42.278;8.7415;1
644;5.0977;8.9575;-186.28;13.732;1
645;-7.4023;2.2908;101.72;9.4495;1
646;2.5977;-6.5981;-272.68;9.9714;1
647;-2.4023;6.7353;303.32;10.251;1
648;7.5977;0.068587;15.322;5.9704;1
649;-8.6523;-9.8903;-128.68;12.007;1
650;1.3477;3.4431;159.32;3.8241;1
651;-3.6523;-3.2236;-336.04;9.3407;1
652;6.3477;-5.4458;239.96;12.594;1
653;-6.1523;7.8875;-48.038;13.228;1
654;3.8477;1.2209;-192.04;7.8972;1
655;-1.1523;-7.668;95.962;11.381;1
656;8.8477;5.6653;-220.84;13.8;1
657;-9.2773;-1.0014;355.16;20.398;1
658;0.72266;-8.4088;67.162;10.069;1
659;-4.2773;4.9246;-76.838;12.007;1
660;5.7227;-1.7421;211.16;9.7238;1
661;-6.7773;-3.9643;-278.44;9.7501;1
662;3.2227;9.369;297.56;12.828;1
663;-1.7773;2.7023;9.5616;9.8754;1
664;8.2227;-6.1866;-134.44;8.9023;1
665;-8.0273;7.1468;153.56;10.39;1
666;1.9727;0.48011;-307.24;7.8457;1
667;-3.0273;-9.1495;268.76;14.952;1
668;6.9727;4.1838;-19.238;6.5457;1
669;-5.5273;-2.4829;-163.24;7.4887;1
670;4.4727;-4.7051;124.76;8.6578;1
671;-0.52734;8.6283;-249.64;13.809;1
672;9.4727;1.9616;326.36;13.814;1
673;-9.5898;-6.9273;38.362;15.298;1
674;0.41016;6.406;-105.64;10.102;1
675;-4.5898;-0.26063;182.36;13.508;1
676;5.4102;-9.3964;-347.56;14.692;1
677;-7.0898;3.9369;228.44;9.0158;1
678;2.9102;-2.7298;-59.558;3.2192;1
679;-2.0898;-4.952;-203.56;5.8842;1
680;7.9102;8.3813;84.442;9.1871;1
681;-8.3398;1.7147;-232.36;16.204;1
682;1.6602;-7.1742;343.64;12.84;1
683;-3.3398;6.1591;55.642;7.4611;1
684;6.6602;-0.50754;-88.358;5.8135;1
685;-5.8398;-7.915;199.64;15.605;1
686;4.1602;5.4184;-289.96;11.791;1
687;-0.83984;-1.2483;286.04;6.7238;1
688;9.1602;-3.4705;-1.9584;7.7083;1
689;-8.9648;9.8628;-145.96;18.204;1
690;1.0352;3.1962;142.04;3.2278;1
691;-3.9648;-5.6927;-318.76;10.457;1
692;6.0352;7.6406;257.24;11.943;1
693;-6.4648;0.97394;-30.758;13.269;1
694;3.5352;-8.6557;-174.76;8.555;1
695;-1.4648;4.6776;113.24;5.0701;1
696;8.5352;-1.989;-261.16;12.263;1
697;-7.7148;-4.2112;314.84;17.161;1
698;2.2852;9.1221;26.842;7.9519;1
699;-2.7148;2.4554;-117.16;11.429;1
700;7.2852;-6.4335;170.84;12.232;1
701;-5.2148;6.8999;-353.32;16.678;1
702;4.7852;0.2332;222.68;8.6035;1
703;-0.21484;-9.6433;-65.318;8.2894;1
704;9.7852;3.69;-209.32;13.174;1
705;-9.7461;-2.9767;78.682;16.341;1
706;0.25391;-5.1989;-238.12;6.9188;1
707;-4.7461;8.1344;337.88;13.061;1
708;5.2539;1.4678;49.882;4.3257;1
709;-7.2461;-7.4211;-94.118;10.111;1
710;2.7539;5.9122;193.88;6.9792;1
711;-2.2461;-0.75446;-295.72;6.0268;1
712;7.7539;-8.1619;280.28;15.199;1
713;-8.4961;5.1715;-7.7184;13.227;1
714;1.5039;-1.4952;-151.72;5.7581;1
715;-3.4961;-3.7174;136.28;12.161;1
716;6.5039;9.6159;-324.52;15.587;1
717;-5.9961;2.9492;251.48;8.2843;1
718;4.0039;-5.9396;-36.518;5.8096;1
719;-0.99609;7.3937;-180.52;12.773;1
720;9.0039;0.72702;107.48;8.0397;1
721;-9.1211;-8.9026;-266.92;13.222;1
722;0.87891;4.4307;309.08;8.8354;1
723;-4.1211;-2.2359;21.082;10.94;1
724;5.8789;-4.4582;-122.92;6.4009;1
725;-6.6211;8.8752;165.08;10.289;1
726;3.3789;2.2085;-341.8;9.4977;1
727;-1.6211;-6.6804;234.2;12.703;1
728;8.3789;6.6529;-53.798;9.1832;1
729;-7.8711;-0.013717;-197.8;9.6435;1
730;2.1289;-9.9817;90.202;11.699;1
731;-2.8711;3.3516;-226.6;8.5657;1
732;7.1289;-3.315;349.4;12.479;1
733;-5.3711;-5.5373;61.402;12.531;1
734;4.6289;7.7961;-82.598;9.6227;1
735;-0.37109;1.1294;205.4;5.783;1
736;9.6289;-7.7595;-284.2;15.038;1
737;-9.4336;5.5738;291.8;12.583;1
738;0.56641;-1.0928;3.8016;1.9976;-2
739;-4.4336;-8.5002;-140.2;8.8584;1
740;5.5664;4.8331;147.8;6.8859;1
741;-6.9336;-1.8336;-313;10.318;1
742;3.0664;-4.0558;263;10.397;1
743;-1.9336;9.2775;-24.998;10.348;1
744;8.0664;2.6109;-169;10.38;1
745;-8.1836;-6.278;119;16.056;1
746;1.8164;7.0553;-255.4;12.414;1
747;-3.1836;0.38866;320.6;7.4662;1
748;6.8164;-9.241;32.602;9.7837;1
749;-5.6836;4.0924;-111.4;13.661;1
750;4.3164;-2.5743;176.6;8.5952;1
751;-0.68359;-4.7965;-354.47;9.9795;1
752;9.3164;8.5368;221.53;13.269;1
753;-8.8086;1.8701;-66.47;15.536;1
754;1.1914;-7.0187;-210.47;7.6003;1
755;-3.8086;6.3146;77.53;7.5081;1
756;6.1914;-0.35208;-239.27;10.039;1
757;-6.3086;-9.4879;336.73;17.859;1
758;3.6914;3.8455;48.73;4.2849;1
759;-1.3086;-2.8212;-95.27;7.1077;1
760;8.6914;-5.0434;192.73;12.71;1
761;-7.5586;8.2899;-296.87;17.322;1
762;2.4414;1.6232;279.13;7.8111;1
763;-2.5586;-7.2657;-8.8704;8.5611;1
764;7.4414;6.0677;-152.87;11.5;1
765;-5.0586;-0.59899;135.13;13.687;1
766;4.9414;-8.0064;-325.67;13.252;1
767;-0.058594;5.3269;250.33;7.3551;1
768;9.9414;-1.3397;-37.67;7.9037;1
769;-9.9414;-3.562;-181.67;10.993;1
770;0.058594;9.7714;106.33;8.3154;1
771;-4.9414;3.1047;-268.07;13.902;1
772;5.0586;-5.7842;307.93;12.432;1
773;-7.4414;7.5492;19.93;11.786;1
774;2.5586;0.88249;-124.07;7.114;1
775;-2.4414;-8.7471;163.93;14.081;1
776;7.5586;4.5862;-331.43;13.26;1
777;-8.6914;-2.0805;244.57;16.568;1
778;1.3086;-4.3027;-43.43;4.0632;1
779;-3.6914;9.0306;-187.43;15.035;1
780;6.3086;2.364;100.57;5.784;1
781;-6.1914;-6.5249;-216.23;9.1844;1
782;3.8086;6.8084;359.77;12.414;1
783;-1.1914;0.14175;71.77;10.577;1
784;8.8086;-9.7348;-72.23;10.421;1
785;-9.3164;3.5985;215.77;10.578;1
786;0.68359;-3.0681;-273.83;6.9101;1
787;-4.3164;-5.2904;302.17;14.183;1
788;5.6836;8.043;14.17;7.9677;1
789;-6.8164;1.3763;-129.83;14.818;1
790;3.1836;-7.5126;158.17;11.738;1
791;-1.8164;5.8208;-302.63;12.571;1
792;8.1836;-0.84591;273.37;12.381;1
793;-8.0664;-8.2533;-14.63;12.598;1
794;1.9336;5.08;-158.63;9.9328;1
795;-3.0664;-1.5866;129.37;11.955;1
796;6.9336;-3.8089;-245.03;10.822;1
797;-5.5664;9.5245;330.97;14.1;1
798;4.4336;2.8578;42.97;4.1776;1
799;-0.56641;-6.0311;-101.03;5.5883;1
800;9.4336;7.3022;186.97;11.678;1
801;-9.6289;0.63557;-342.95;20.37;1
802;0.37109;-8.9941;233.05;13.939;1
803;-4.6289;4.3393;-54.95;11.712;1
804;5.3711;-2.3274;-198.95;8.0192;1
805;-7.1289;-4.5496;89.05;14.472;1
806;2.8711;8.7837;-227.75;13.769;1
807;-2.1289;2.1171;348.25;8.2867;1
808;7.8711;-6.7718;60.25;9.1537;1
809;-8.3789;6.5615;-83.75;15.596;1
810;1.6211;-0.10517;204.25;6.9189;1
811;-3.3789;-9.8171;-285.35;12.16;1
812;6.6211;3.5162;290.65;11.567;1
813;-5.8789;-3.1504;2.6496;11.25;1
814;4.1211;-5.3727;-141.35;6.0411;1
815;-0.87891;7.9607;146.65;7.148;1
816;9.1211;1.294;-314.15;13.479;1
817;-9.0039;-7.5949;261.85;17.674;1
818;0.99609;5.7385;-26.15;6.7781;1
819;-4.0039;-0.92821;-170.15;6.5829;1
820;5.9961;-8.3356;117.85;11.479;1
821;-6.5039;4.9977;-256.55;15.062;1
822;3.4961;-1.669;319.45;9.3452;1
823;-1.5039;-3.8912;31.45;8.8304;1
824;8.4961;9.4422;-112.55;12.837;1
825;-7.7539;2.7755;175.45;9.2379;1
826;2.2461;-6.1134;-348.71;11.261;1
827;-2.7539;7.2199;227.29;8.2087;1
828;7.2461;0.55327;-60.71;5.9733;1
829;-5.2539;-9.0764;-204.71;9.9775;1
830;4.7461;4.257;83.29;5.1322;1
831;-0.25391;-2.4097;-233.51;4.7499;1
832;9.7461;-4.6319;342.49;14.787;1
833;-9.7852;8.7014;54.49;12.912;1
834;0.21484;2.0348;-89.51;9.7302;1
835;-4.7852;-6.8541;198.49;14.427;1
836;5.2148;6.4792;-291.11;12.946;1
837;-7.2852;-0.18747;284.89;17.032;1
838;2.7148;-9.3233;-3.1104;8.4157;1
839;-2.2852;4.0101;-147.11;11.376;1
840;7.7148;-2.6566;140.89;9.2157;1
841;-8.5352;-4.8788;-319.91;12.644;1
842;1.4648;8.4545;256.09;10.274;1
843;-3.5352;1.7878;-31.91;11.084;1
844;6.4648;-7.1011;-175.91;9.226;1
845;-6.0352;6.2323;112.09;8.7236;1
846;3.9648;-0.43439;-262.31;8.7647;1
847;-1.0352;-7.8418;313.69;13.587;1
848;8.9648;5.4915;25.69;8.286;1
849;-9.1602;-1.1751;-118.31;10.74;1
850;0.83984;-3.3973;169.69;9.2254;1
851;-4.1602;9.936;-337.19;16.812;1
852;5.8398;3.2693;238.81;9.7133;1
853;-6.6602;-5.6196;-49.19;9.9629;1
854;3.3398;7.7138;-193.19;12.61;1
855;-1.6602;1.0471;94.81;8.9613;1
856;8.3398;-8.5825;-221.99;12.661;1
857;-7.9102;4.7508;354.01;13.343;1
858;2.0898;-1.9159;66.01;8.5186;1
859;-2.9102;-4.1381;-77.99;6.2315;1
860;7.0898;9.1952;210.01;11.768;1
861;-5.4102;2.5286;-279.59;14.662;1
862;4.5898;-6.3603;296.41;12.599;1
863;-0.41016;6.973;8.4096;7.1787;1
864;9.5898;0.30636;-135.59;9.4829;1
865;-9.4727;-9.5702;152.41;18.472;1
866;0.52734;3.7631;-308.39;8.9297;1
867;-4.4727;-2.9035;267.61;13.573;1
868;5.5273;-5.1257;-20.39;6.0106;1
869;-6.9727;8.2076;-164.39;16.322;1
870;3.0273;1.5409;123.61;3.7446;1
871;-1.9727;-7.348;-250.79;8.8618;1
872;8.0273;5.9854;325.21;13.909;1
873;-8.2227;-0.6813;37.21;14.781;1
874;1.7773;-8.0887;-106.79;6.9471;1
875;-3.2227;5.2446;181.21;6.4486;1
876;6.7773;-1.422;-356.77;11.725;1
877;-5.7227;-3.6443;219.23;14.02;1
878;4.2773;9.6891;-68.774;10.608;1
879;-0.72266;3.0224;-212.77;10.078;1
880;9.2773;-5.8665;75.226;9.7254;1
881;-8.8477;7.4668;-241.57;17.404;1
882;1.1523;0.80018;334.43;7.2763;1
883;-3.8477;-8.8294;46.426;11.954;1
884;6.1523;4.5039;-97.574;8.0335;1
885;-6.3477;-2.1628;190.43;14.425;1
886;3.6523;-4.385;-299.17;9.982;1
887;-1.3477;8.9483;276.83;10.985;1
888;8.6523;2.2817;-11.174;7.0477;1
889;-7.5977;-6.6072;-155.17;9.8903;1
890;2.4023;6.7261;132.83;6.1021;1
891;-2.5977;0.059442;-327.97;17.068;1
892;7.4023;-9.8994;248.03;16.015;1
893;-5.0977;3.4339;-39.974;11.776;1
894;4.9023;-3.2327;-183.97;7.1688;1
895;-0.097656;-5.455;104.03;9.7738;1
896;9.9023;7.8784;-270.37;16.2;1
897;-9.8633;1.2117;305.63;12.299;1
898;0.13672;-7.6772;17.626;8.1304;1
899;-4.8633;5.6561;-126.37;13.537;1
900;5.1367;-1.0105;161.63;7.5493;1
901;-7.3633;-8.4179;-333.73;14.247;1
902;2.6367;4.9154;242.27;8.0351;1
903;-2.3633;-1.7513;-45.734;9.7343;1
904;7.6367;-3.9735;-189.73;9.5846;1
905;-8.6133;9.3599;98.266;11.804;1
906;1.3867;2.6932;-218.53;8.8771;1
907;-3.6133;-6.1957;357.47;15.453;1
908;6.3867;7.1376;69.466;7.6327;1
909;-6.1133;0.47096;-74.534;14.082;1
910;3.8867;-9.1587;213.47;14.078;1
911;-1.1133;4.1747;-276.13;8.9944;1
912;8.8867;-2.492;299.87;13.471;1
913;-9.2383;-4.7142;11.866;13.966;1
914;0.76172;8.6191;-132.13;12.251;1
915;-4.2383;1.9524;155.87;6.5386;1
916;5.7617;-6.9364;-304.93;12.663;1
917;-6.7383;6.3969;271.07;10.63;1
918;3.2617;-0.26978;-16.934;2.5723;1
919;-1.7383;-9.4056;-160.93;8.5086;1
920;8.2617;3.9278;127.07;8.1001;1
921;-7.9883;-2.7389;-247.33;9.7242;1
922;2.0117;-4.9611;328.67;10.926;1
923;-2.9883;8.3722;40.666;8.614;1
924;7.0117;1.7055;-103.33;7.0699;1
925;-5.4883;-7.1834;184.67;15.001;1
926;4.5117;6.15;-345.25;12.503;1
927;-0.48828;-0.51669;230.75;6.8109;1
928;9.5117;-7.9241;-57.254;9.7847;1
929;-9.5508;5.4092;-201.25;17.268;1
930;0.44922;-1.2574;86.746;11.942;1
931;-4.5508;-3.4797;-230.05;7.0293;1
932;5.4492;9.8537;345.95;14.993;1
933;-7.0508;3.187;57.946;10.08;1
934;2.9492;-5.7019;-86.054;5.2865;1
935;-2.0508;7.6315;201.95;7.7776;1
936;7.9492;0.96479;-287.65;12.368;1
937;-8.3008;-8.6648;288.35;17.846;1
938;1.6992;4.6685;0.3456;4.9564;1
939;-3.3008;-1.9982;-143.65;5.8843;1
940;6.6992;-4.2204;144.35;9.688;1
941;-5.8008;9.1129;-316.45;16.886;1
942;4.1992;2.4463;259.55;8.8777;1
943;-0.80078;-6.4426;-28.454;6.5789;1
944;9.1992;6.8907;-172.45;13.461;1
945;-8.9258;0.22405;115.55;10.85;1
946;1.0742;-9.6525;-258.85;11.165;1
947;-3.9258;3.6808;317.15;9.0947;1
948;6.0742;-2.9858;29.146;5.511;1
949;-6.4258;-5.208;-114.85;8.6735;1
950;3.5742;8.1253;173.15;8.1718;1
951;-1.4258;1.4586;-351.01;7.6351;1
952;8.5742;-7.4303;224.99;14.714;1
953;-7.6758;5.9031;-63.014;14.405;1
954;2.3242;-0.7636;-207.01;6.3012;1
955;-2.6758;-8.171;80.986;12.058;1
956;7.3242;5.1623;-235.81;12.902;1
957;-5.1758;-1.5043;340.19;16.994;1
958;4.8242;-3.7266;52.186;5.6444;1
959;-0.17578;9.6068;-91.814;12.072;1
960;9.8242;2.9401;196.19;11.433;1
961;-9.707;-5.9488;-293.41;12.97;1
962;0.29297;7.3845;282.59;10.099;1
963;-4.707;0.71788;-5.4144;11.659;1
964;5.293;-8.9118;-149.41;8.9109;1
965;-7.207;4.4216;138.59;9.0082;1
966;2.793;-2.2451;-322.21;8.8336;1
967;-2.207;-4.4673;253.79;11.739;1
968;7.793;8.866;-34.214;9.9252;1
969;-8.457;2.1994;-178.21;16.07;1
970;1.543;-6.6895;109.79;9.9844;1
971;-3.457;6.6438;-264.61;13.606;1
972;6.543;-0.022862;311.39;11.339;1
973;-5.957;-9.9268;23.386;13.011;1
974;4.043;3.4065;-120.61;7.4553;1
975;-0.95703;-3.2602;167.39;10.294;1
976;9.043;-5.4824;-339.49;14.508;1
977;-9.082;7.8509;236.51;11.939;1
978;0.91797;1.1843;-51.494;10.156;1
979;-4.082;-7.7046;-195.49;8.4475;1
980;5.918;5.6287;92.506;6.5866;1
981;-6.582;-1.038;-224.29;8.4777;1
982;3.418;-8.4454;351.71;14.003;1
983;-1.582;4.888;63.706;5.626;1
984;8.418;-1.7787;-80.294;7.056;1
985;-7.832;-4.0009;207.71;15.696;1
986;2.168;9.3324;-281.89;14.226;1
987;-2.832;2.6658;294.11;7.1299;1
988;7.168;-6.2231;6.1056;7.6312;1
989;-5.332;7.1102;-137.89;14.538;1
990;4.668;0.44353;150.11;6.171;1
991;-0.33203;-9.1861;-310.69;12.313;1
992;9.668;4.1472;265.31;13.498;1
993;-9.3945;-2.5194;-22.694;13.156;1
994;0.60547;-4.7417;-166.69;4.6777;1
995;-4.3945;8.5917;121.31;8.8936;1
996;5.6055;1.925;-253.09;10.511;1
997;-6.8945;-6.9639;322.91;17.045;1
998;3.1055;6.3695;34.906;5.8634;1
999;-1.8945;-0.29721;-109.09;9.037;1
1000;8.1055;-9.433;178.91;14.819;1
