1;-9.5361;8.5063;-178.3;18.216;1
2;0.46387;1.8397;109.7;2.0303;-2
3;-4.5361;-7.0492;-34.295;9.1042;1
4;5.4639;6.2841;-106.3;9.4143;1
5;-7.0361;-0.38256;37.705;14.071;1
6;2.9639;-7.79;-120.7;6.9431;1
7;-2.0361;5.5434;167.3;5.9147;1
8;7.9639;-1.1233;23.305;6.3464;1
9;-8.2861;-3.3455;-48.695;11.29;1
10;1.7139;9.9878;95.305;8.425;1
11;-3.2861;3.3211;-149.5;12.018;1
12;6.7139;-5.5677;138.5;10.393;1
13;-5.7861;7.7656;-5.495;11.452;1
14;4.2139;1.0989;-77.495;4.3271;1
15;-0.78613;-8.5307;66.505;10.755;1
16;9.2139;4.8026;-163.9;11.999;1
17;-8.9111;-1.864;124.1;16.384;1
18;1.0889;-4.0863;-19.895;4.243;-2
19;-3.9111;9.2471;-91.895;13.672;1
20;6.0889;2.5804;52.105;5.2265;1
21;-6.4111;-6.3085;-135.1;8.9629;1
22;3.5889;7.0248;152.9;6.9989;1
23;-1.4111;0.35818;8.905;11.411;1
24;8.5889;-9.5184;-63.095;10.173;1
25;-7.6611;3.815;80.905;9.9057;1
26;2.3389;-2.8517;-166.78;4.5413;1
27;-2.6611;-5.0739;121.22;11.687;1
28;7.3389;8.2594;-22.775;9.1462;1
29;-5.1611;1.5927;-94.775;13.281;1
30;4.8389;-7.2961;49.225;8.2057;1
31;-0.16113;6.0372;-109.18;10.26;1
32;9.8389;-0.62948;178.82;11.235;1
33;-9.6924;-8.0369;34.825;15.448;1
34;0.30762;5.2964;-37.175;7.3914;1
35;-4.6924;-1.3702;106.82;13.09;1
36;5.3076;-3.5924;-137.98;6.071;1
37;-7.1924;9.7409;150.02;11.061;1
38;2.8076;3.0742;6.025;3.5237;1
39;-2.1924;-5.8147;-65.975;6.3883;1
40;7.8076;7.5187;78.025;8.6223;1
41;-8.4424;0.852;-152.38;16.197;1
42;1.5576;-8.7776;135.62;12.291;1
43;-3.4424;4.5557;-8.375;9.315;1
44;6.5576;-2.111;-80.375;5.6485;1
45;-5.9424;-4.3332;63.625;12.963;1
46;4.0576;9.0002;-123.58;11.931;1
47;-0.94238;2.3335;164.42;4.6544;1
48;9.0576;-6.5554;20.425;9.0017;1
49;-9.0674;6.7779;-51.575;15.298;1
50;0.93262;0.11126;92.425;8.8288;1
51;-4.0674;-9.8476;-172.54;9.6489;1
52;5.9326;3.4857;115.46;5.9935;1
53;-6.5674;-3.1809;-28.535;10.68;1
54;3.4326;-5.4031;-100.54;5.2624;1
55;-1.5674;7.9302;43.465;7.6084;1
56;8.4326;1.2635;-114.94;8.2356;1
57;-7.8174;-7.6254;173.06;16.678;1
58;2.1826;5.708;29.065;5.2512;1
59;-2.8174;-0.9587;-42.935;9.989;1
60;7.1826;-8.3661;101.06;11.232;1
61;-5.3174;4.9672;-143.74;13.848;1
62;4.6826;-1.6994;144.26;7.1561;1
63;-0.31738;-3.9217;0.26496;9.3557;1
64;9.6826;9.4117;-71.735;11.972;1
65;-9.3799;2.745;72.265;11.547;1
66;0.62012;-6.1439;-158.14;5.66;1
67;-4.3799;7.1895;129.86;8.0785;1
68;5.6201;0.52279;-14.135;4.4402;1
69;-6.8799;-9.1068;-86.135;10.674;1
70;3.1201;4.2265;57.865;4.2817;1
71;-1.8799;-2.4402;-129.34;5.8286;1
72;8.1201;-4.6624;158.66;11.142;1
73;-8.1299;8.6709;14.665;12.764;1
74;1.8701;2.0043;-57.335;9.0934;2
75;-3.1299;-6.8846;86.665;11.931;1
76;6.8701;6.4487;-175.42;12.204;1
77;-5.6299;-0.21795;112.58;14.178;1
78;4.3701;-9.3538;-31.415;8.4118;1
79;-0.62988;3.9796;-103.42;9.5977;1
80;9.3701;-2.6871;40.585;7.8311;1
81;-8.7549;-4.9093;-117.82;10.364;1
82;1.2451;8.424;170.18;7.6724;1
83;-3.7549;1.7574;26.185;9.6518;1
84;6.2451;-7.1315;-45.815;7.5539;1
85;-6.2549;6.2018;98.185;8.9494;1
86;3.7451;-0.46487;-146.62;5.448;1
87;-1.2549;-7.8723;141.38;12.644;1
88;8.7451;5.4611;-2.615;8.1704;1
89;-7.5049;-1.2056;-74.615;10.469;1
90;2.4951;-3.4278;69.385;7.081;1
91;-2.5049;9.9055;-161.02;14.85;1
92;7.4951;3.2388;126.98;7.3914;1
93;-5.0049;-5.6501;-17.015;9.6578;1
94;4.9951;7.6833;-89.015;9.7982;1
95;-0.0048828;1.0166;54.985;12.614;2
96;9.9951;-8.613;-132.22;11.057;1
97;-9.9976;4.7203;155.78;11.18;1
98;0.0024414;-1.9463;11.785;11.399;1
99;-4.9976;-4.1686;-60.215;8.302;1
100;5.0024;9.1648;83.785;8.4187;1
101;-7.4976;2.4981;-169.66;15.313;1
102;2.5024;-6.3908;118.34;9.8009;1
103;-2.4976;6.9425;-25.655;9.5404;1
104;7.5024;0.27587;-97.655;6.7964;1
105;-8.7476;-9.6007;46.345;15.581;1
106;1.2524;3.7327;-112.06;8.3039;1
107;-3.7476;-2.934;175.94;12.403;1
108;6.2524;-5.1562;31.945;6.806;1
109;-6.2476;8.1771;-40.055;13.126;1
110;3.7524;1.5104;103.94;3.7917;1
111;-1.2476;-7.3784;-140.86;6.7899;1
112;8.7524;5.9549;147.14;9.5074;1
113;-9.3726;-0.71178;3.145;14.542;1
114;0.62744;-8.1192;-68.855;6.9907;1
115;-4.3726;5.2141;75.145;7.5693;1
116;5.6274;-1.4525;-155.26;6.787;1
117;-6.8726;-3.6747;132.74;14.783;1
118;3.1274;9.6586;-11.255;8.952;1
119;-1.8726;2.9919;-83.255;10.337;1
120;8.1274;-5.897;60.745;8.76;1
121;-8.1226;7.4364;-126.46;16.456;1
122;1.8774;0.7697;161.54;6.1973;1
123;-3.1226;-8.8599;17.545;10.522;1
124;6.8774;4.4734;-54.455;7.1351;1
125;-5.6226;-2.1933;89.545;13.43;1
126;4.3774;-4.4155;-178.87;6.843;1
127;-0.62256;8.9178;109.13;7.7606;1
128;9.3774;2.2512;-34.871;7.684;1
129;-9.6851;-6.6377;-106.87;11.513;1
130;0.31494;6.6956;37.129;6.1537;1
131;-4.6851;0.028959;-121.27;13.62;1
132;5.3149;-9.9573;166.73;14.09;1
133;-7.1851;3.376;22.729;11.31;1
134;2.8149;-3.2907;-49.271;3.5284;1
135;-2.1851;-5.5129;94.729;10.98;1
136;7.8149;7.8205;-150.07;12.748;1
137;-8.4351;1.1538;137.93;9.9907;1
138;1.5649;-7.7351;-6.071;7.173;1
139;-3.4351;5.5982;-78.071;11.507;1
140;6.5649;-1.0684;65.929;5.6418;1
141;-5.9351;-8.4758;-164.47;9.6808;1
142;4.0649;4.8575;123.53;5.4252;1
143;-0.93506;-1.8092;-20.471;11.192;1
144;9.0649;-4.0314;-92.471;8.0933;1
145;-9.0601;9.3019;51.529;12.671;1
146;0.93994;2.6353;-135.67;8.74;1
147;-4.0601;-6.2536;152.33;13.474;1
148;5.9399;7.0797;8.329;7.4599;1
149;-6.5601;0.41305;-63.671;14.246;1
150;3.4399;-9.2166;80.329;10.628;1
151;-1.5601;4.1168;-167.35;11.02;1
152;8.4399;-2.5499;120.65;8.9218;1
153;-7.8101;-4.7721;-23.351;11.625;1
154;2.1899;8.5612;-95.351;10.768;1
155;-2.8101;1.8945;48.649;9.3301;1
156;7.1899;-6.9944;-109.75;8.1941;1
157;-5.3101;6.339;178.25;8.2623;1
158;4.6899;-0.32769;34.249;3.7491;1
159;-0.31006;-9.4635;-37.751;8.3649;1
160;9.6899;3.8698;106.25;8.7345;1
161;-9.8413;-2.7968;-138.55;10.936;1
162;0.15869;-5.0191;149.45;10.318;1
163;-4.8413;8.3143;5.449;10.621;1
164;5.1587;1.6476;-66.551;4.8941;1
165;-7.3413;-7.2413;77.449;14.81;1
166;2.6587;6.0921;-152.95;10.507;1
167;-2.3413;-0.57461;135.05;11.902;1
168;7.6587;-7.982;-8.951;8.8356;1
169;-8.5913;5.3513;-80.951;15.507;1
170;1.4087;-1.3153;63.049;9.4102;1
171;-3.5913;-3.5376;-124.15;6.1374;1
172;6.4087;9.7958;163.85;10.312;1
173;-6.0913;3.1291;19.849;10.648;1
174;3.9087;-5.7598;-52.151;5.636;1
175;-1.0913;7.5735;91.849;6.8719;1
176;8.9087;0.90687;-173.11;10.433;1
177;-9.2163;-8.7228;114.89;17.469;1
178;0.78369;4.6106;-29.111;7.4876;1
179;-4.2163;-2.0561;-101.11;7.1868;1
180;5.7837;-4.2783;42.889;6.2246;1
181;-6.7163;9.055;-115.51;15.922;1
182;3.2837;2.3884;172.49;5.4625;1
183;-1.7163;-6.5005;28.489;8.9387;1
184;8.2837;6.8328;-43.511;9.0353;1
185;-7.9663;0.16613;100.49;10.496;1
186;2.0337;-9.7104;-144.31;8.4226;1
187;-2.9663;3.6229;143.69;5.6195;1
188;7.0337;-3.0437;-0.31104;6.044;1
189;-5.4663;-5.266;-72.311;8.4655;1
190;4.5337;8.0674;71.689;7.4766;1
191;-0.46631;1.4007;-158.71;8.9967;1
192;9.5337;-7.4882;129.29;12.56;1
193;-9.5288;5.8451;-14.711;14.319;1
194;0.47119;-0.82152;-86.711;1.5134;-2
195;-4.5288;-8.2289;57.289;12.51;1
196;5.4712;5.1044;-129.91;9.3511;1
197;-7.0288;-1.5623;158.09;15.009;1
198;2.9712;-3.7845;14.089;4.3947;1
199;-2.0288;9.5488;-57.911;11.693;1
200;7.9712;2.8822;86.089;6.9317;1
201;-8.2788;-6.0067;-175.99;10.186;1
202;1.7212;7.3266;112.01;6.3556;1
203;-3.2788;0.65996;-31.991;11.66;1
204;6.7212;-8.9697;-103.99;9.0431;1
205;-5.7788;4.3637;40.009;9.5008;1
206;4.2212;-2.303;-118.39;4.5248;1
207;-0.77881;-4.5252;169.61;10.74;1
208;9.2212;8.8081;25.609;10.099;1
209;-8.9038;2.1414;-46.391;15.092;1
210;1.0962;-6.7474;97.609;9.7994;1
211;-3.9038;6.5859;-147.19;13.469;1
212;6.0962;-0.08078;140.81;7.0304;1
213;-6.4038;-9.7927;-3.191;12.348;1
214;3.5962;3.5406;-75.191;5.9872;1
215;-1.4038;-3.126;68.809;9.7562;1
216;8.5962;-5.3483;-161.59;9.6403;1
217;-7.6538;7.9851;126.41;10.491;1
218;2.3462;1.3184;-17.591;2.4991;-2
219;-2.6538;-7.5705;-89.591;7.4695;1
220;7.3462;5.7628;54.409;7.3875;1
221;-5.1538;-0.90383;-132.79;7.6892;1
222;4.8462;-8.3112;155.21;12.44;1
223;-0.15381;5.0221;11.209;6.0211;-2
224;9.8462;-1.6446;-60.791;7.9662;1
225;-9.9194;-3.8668;83.209;16.531;1
226;0.080566;9.4665;-170.23;13.855;1
227;-4.9194;2.7999;117.77;7.2277;1
228;5.0806;-6.089;-26.231;6.3682;1
229;-7.4194;7.2443;-98.231;15.378;1
230;2.5806;0.57766;45.769;2.1178;1
231;-2.4194;-9.052;-112.63;8.351;1
232;7.5806;4.2814;175.37;9.0918;1
233;-8.6694;-2.3853;31.369;14.45;1
234;1.3306;-4.6075;-40.631;4.3192;1
235;-3.6694;8.7258;103.37;8.641;1
236;6.3306;2.0591;-141.43;8.1072;1
237;-6.1694;-6.8298;146.57;15.091;1
238;3.8306;6.5036;2.569;6.3693;1
239;-1.1694;-0.16308;-69.431;11.821;1
240;8.8306;-9.2989;74.569;11.617;1
241;-9.2944;4.0344;-155.83;16.812;1
242;0.70557;-2.6322;132.17;8.938;1
243;-4.2944;-4.8544;-11.831;9.2533;1
244;5.7056;8.4789;-83.831;10.349;1
245;-6.7944;1.8122;60.169;10.191;1
246;3.2056;-7.0767;-127.03;6.531;1
247;-1.7944;6.2567;160.97;6.2496;1
248;8.2056;-0.41;16.969;6.46;1
249;-8.0444;-7.8174;-55.031;11.368;1
250;1.9556;5.5159;88.969;4.946;1
251;-3.0444;-1.1507;-177.72;5.8144;1
252;6.9556;-3.373;110.28;8.1143;1
253;-5.5444;9.9604;-33.719;13.125;1
254;4.4556;3.2937;-105.72;6.918;1
255;-0.54443;-5.5952;38.281;8.1364;1
256;9.4556;7.7381;-120.12;12.36;1
257;-9.6069;1.0715;167.88;10.787;1
258;0.39307;-8.5581;23.881;8.8318;1
259;-4.6069;4.7752;-48.119;11.5;1
260;5.3931;-1.8915;95.881;5.9551;1
261;-7.1069;-4.1137;-148.92;8.8645;1
262;2.8931;9.2196;139.08;8.1477;1
263;-2.1069;2.553;-4.919;9.7289;1
264;7.8931;-6.3359;-76.919;8.0484;1
265;-8.3569;6.9974;67.081;11.124;1
266;1.6431;0.33074;-163.32;7.3041;1
267;-3.3569;-9.5458;124.68;14.365;1
268;6.6431;3.7875;-19.319;6.1538;1
269;-5.8569;-2.8791;-91.319;8.3639;1
270;4.1431;-5.1014;52.681;6.5047;1
271;-0.85693;8.232;-134.52;12.576;1
272;9.1431;1.5653;153.48;9.4501;1
273;-8.9819;-7.3236;9.481;13.884;1
274;1.0181;6.0098;-62.519;8.1834;1
275;-3.9819;-0.65691;81.481;12.67;1
276;6.0181;-8.0643;-166.2;9.1613;1
277;-6.4819;5.269;121.8;8.6993;1
278;3.5181;-1.3977;-22.199;2.9831;1
279;-1.4819;-3.6199;-94.199;5.5912;1
280;8.5181;9.7135;49.801;10.253;1
281;-7.7319;3.0468;-108.6;15.241;1
282;2.2681;-5.8421;179.4;10.871;1
283;-2.7319;7.4912;35.401;8.0879;1
284;7.2681;0.82457;-36.599;5.8219;1
285;-5.2319;-8.8051;107.4;14.669;1
286;4.7681;4.5283;-137.4;8.9947;1
287;-0.23193;-2.1384;150.6;9.7637;1
288;9.7681;-4.3606;6.601;8.4425;1
289;-9.7632;8.9727;-65.399;16.724;1
290;0.23682;2.3061;78.601;2.393;-2
291;-4.7632;-6.5828;-151.8;7.9954;1
292;5.2368;6.7505;136.2;7.3293;1
293;-7.2632;0.083829;-7.799;13.541;1
294;2.7368;-9.875;-79.799;8.424;1
295;-2.2632;3.4583;64.201;7.4518;1
296;7.7368;-3.2084;-123;7.4752;1
297;-8.5132;-5.4306;165;16.462;1
298;1.4868;7.9028;21.001;7.0768;1
299;-3.5132;1.2361;-50.999;11.727;1
300;6.4868;-7.6528;93.001;10.228;1
301;-6.0132;5.6805;-171.96;14.705;1
302;3.9868;-0.98613;116.04;5.4339;1
303;-1.0132;-8.3935;-27.959;7.9458;1
304;8.9868;4.9398;-99.959;9.7722;1
305;-9.1382;-1.7269;44.041;15.295;1
306;0.86182;-3.9491;-114.36;3.7014;1
307;-4.1382;9.3842;173.64;9.3724;1
308;5.8618;2.7176;29.641;5.0892;1
309;-6.6382;-6.1713;-42.359;10.215;1
310;3.3618;7.162;101.64;6.4995;1
311;-1.6382;0.49535;-143.16;11.771;1
312;8.3618;-9.1343;144.84;13.682;1
313;-7.8882;4.1991;0.84096;12.491;1
314;2.1118;-2.4676;-71.159;2.6903;1
315;-2.8882;-4.6898;72.841;10.806;1
316;7.1118;8.6435;-157.56;13.314;1
317;-5.3882;1.9768;130.44;7.5747;1
318;4.6118;-6.9121;-13.559;6.796;1
319;-0.38818;6.4213;-85.559;9.9423;1
320;9.6118;-0.24539;58.441;7.7512;1
321;-9.4507;-9.3812;-128.76;12.271;1
322;0.54932;3.9521;159.24;3.951;1
323;-4.4507;-2.7145;15.241;10.775;1
324;5.5493;-4.9367;-56.759;5.904;1
325;-6.9507;8.3966;87.241;10.378;1
326;3.0493;1.7299;-174.84;7.5801;1
327;-1.9507;-7.159;113.16;11.983;1
328;8.0493;6.1744;-30.839;8.3324;1
329;-8.2007;-0.4923;-102.84;10.485;1
330;1.7993;-7.8997;41.161;8.4914;1
331;-3.2007;5.4336;-117.24;12.128;1
332;6.7993;-1.233;170.76;8.9991;1
333;-5.7007;-3.4553;26.761;11.838;1
334;4.2993;9.8781;-45.239;10.023;1
335;-0.70068;3.2114;98.761;4.1232;-2
336;9.2993;-5.6775;-146.04;9.7896;1
337;-8.8257;7.6558;141.96;11.134;1
338;1.1743;0.98918;-2.039;1.8639;-2
339;-3.8257;-8.6405;-74.039;8.7835;1
340;6.1743;4.6929;69.961;6.167;1
341;-6.3257;-1.9738;-160.44;8.1459;1
342;3.6743;-4.196;127.56;8.2806;1
343;-1.3257;9.1373;-16.439;9.6868;1
344;8.6743;2.4707;-88.439;8.0853;1
345;-7.5757;-6.4182;55.561;14.189;1
346;2.4243;6.9151;-131.64;10.613;1
347;-2.5757;0.24844;156.36;6.9693;1
348;7.4243;-9.6281;12.361;9.9571;1
349;-5.0757;3.7052;-59.639;12.222;1
350;4.9243;-2.9614;84.361;6.07;1
351;-0.075684;-5.1837;-169.08;5.0556;1
352;9.9243;8.1497;118.92;10.565;1
353;-9.9585;1.483;-25.079;15.434;1
354;0.041504;-7.4059;-97.079;6.4854;1
355;-4.9585;5.9275;46.921;8.7687;1
356;5.0415;-0.73922;-111.48;5.0818;1
357;-7.4585;-8.1466;176.52;16.671;1
358;2.5415;5.1867;32.521;4.8642;1
359;-2.4585;-1.48;-39.479;9.9588;1
360;7.5415;-3.7022;104.52;8.4266;1
361;-8.7085;9.6312;-140.28;17.872;1
362;1.2915;2.9645;147.72;3.2595;1
363;-3.7085;-5.9244;3.721;9.3967;1
364;6.2915;7.4089;-68.279;9.1974;1
365;-6.2085;0.74226;75.721;9.7864;1
366;3.7915;-8.8874;-154.68;8.3813;1
367;-1.2085;4.446;133.32;4.7913;1
368;8.7915;-2.2207;-10.679;7.1244;1
369;-9.3335;-4.4429;-82.679;11.194;1
370;0.6665;8.8904;61.321;7.6077;1
371;-4.3335;2.2237;-125.88;12.753;1
372;5.6665;-6.6651;162.12;11.576;1
373;-6.8335;6.6682;18.121;11.182;1
374;3.1665;0.0015242;-53.879;2.6754;1
375;-1.8335;-9.997;90.121;12.964;1
376;8.1665;3.3364;-179.68;11.137;1
377;-8.0835;-3.3303;108.32;15.503;1
378;1.9165;-5.5525;-35.677;5.0694;1
379;-3.0835;7.7808;-107.68;12.853;1
380;6.9165;1.1142;36.323;5.5217;1
381;-5.5835;-7.7747;-122.08;9.0912;1
382;4.4165;5.5586;165.92;6.9145;1
383;-0.5835;-1.1081;21.923;11.666;1
384;9.4165;-8.5155;-50.077;10.04;1
385;-9.646;4.8179;93.923;11.281;1
386;0.354;-1.8488;-150.88;2.8663;-2
387;-4.646;-4.071;137.12;13.11;1
388;5.354;9.2623;-6.8774;8.9259;1
389;-7.146;2.5956;-78.877;14.365;1
390;2.854;-6.2932;65.123;7.8664;1
391;-2.146;7.0401;-165.28;12.891;1
392;7.854;0.37342;122.72;7.6182;1
393;-8.396;-9.2562;-21.277;12.952;1
394;1.604;4.0771;-93.277;7.7743;1
395;-3.396;-2.5895;50.723;11.01;1
396;6.604;-4.8118;-136.48;7.3277;1
397;-5.896;8.5216;151.52;9.6667;1
398;4.104;1.8549;7.5226;3.5572;1
399;-0.896;-7.034;-64.477;6.5167;1
400;9.104;6.2993;79.523;8.8107;1
401;-9.021;-0.36732;-168.16;10.451;1
402;0.979;-9.5031;119.84;12.519;1
403;-4.021;3.8302;-24.157;10.397;1
404;5.979;-2.8365;-96.157;5.5465;1
405;-6.521;-5.0587;47.843;13.009;1
406;3.479;8.2747;-110.56;10.928;1
407;-1.521;1.608;177.44;5.3118;1
408;8.479;-7.2809;33.443;9.2339;1
409;-7.771;6.0524;-38.557;13.759;1
410;2.229;-0.61424;105.44;7.6596;1
411;-2.771;-8.0216;-139.36;7.783;1
412;7.229;5.3117;148.64;8.2496;1
413;-5.271;-1.355;4.6426;11.599;1
414;4.729;-3.5772;-67.357;4.7264;1
415;-0.271;9.7561;76.643;8.3568;1
416;9.729;3.0895;-153.76;11.142;1
417;-9.8022;-5.7994;134.24;17.359;1
418;0.19775;7.5339;-9.7574;7.7737;1
419;-4.8022;0.86725;-81.757;13.121;1
420;5.1978;-8.7624;62.243;9.7758;1
421;-7.3022;4.5709;-124.96;15.16;1
422;2.6978;-2.0957;163.04;7.6016;1
423;-2.3022;-4.3179;19.043;8.8459;1
424;7.6978;9.0154;-52.957;10.392;1
425;-8.5522;2.3487;91.043;10.529;1
426;1.4478;-6.5402;-173.92;6.3434;1
427;-3.5522;6.7932;114.08;7.4033;1
428;6.4478;0.12651;-29.917;5.0936;1
429;-6.0522;-9.75;-101.92;10.46;1
430;3.9478;3.5833;42.083;4.2621;1
431;-1.0522;-3.0834;-116.32;5.384;1
432;8.9478;-5.3056;171.68;12.376;1
433;-9.1772;8.0277;27.683;12.956;1
434;0.82275;1.3611;-44.317;10.451;2
435;-4.1772;-7.5278;99.683;13.234;1
436;5.8228;5.8055;-145.12;10.476;1
437;-6.6772;-0.86115;142.88;14.848;1
438;3.3228;-8.2686;-1.1174;7.6603;1
439;-1.6772;5.0648;-73.117;9.9338;1
440;8.3228;-1.6019;70.883;7.1666;1
441;-7.9272;-3.8241;-159.52;9.4498;1
442;2.0728;9.5092;128.48;8.1499;1
443;-2.9272;2.8426;-15.517;9.767;1
444;7.0728;-6.0463;-87.517;7.4559;1
445;-5.4272;7.287;56.483;9.3097;1
446;4.5728;0.62033;-130.72;5.9573;1
447;-0.42725;-9.0093;157.28;13.422;1
448;9.5728;4.324;13.283;8.2646;1
449;-9.4897;-2.3426;-58.717;12.076;1
450;0.51025;-4.5649;85.283;8.5011;1
451;-4.4897;8.7685;-176.8;15.21;1
452;5.5103;2.1018;111.2;5.3494;1
453;-6.9897;-6.7871;-32.797;10.877;1
454;3.0103;6.5463;-104.8;9.4122;1
455;-1.9897;-0.12041;39.203;11.828;1
456;8.0103;-9.8323;-119.2;10.343;1
457;-8.2397;3.501;168.8;9.6574;1
458;1.7603;-3.1657;24.803;4.1878;-2
459;-3.2397;-5.3879;-47.197;7.3471;1
460;6.7603;7.9454;96.803;8.3882;1
461;-5.7397;1.2788;-148;14.054;1
462;4.2603;-7.6101;140;11.384;1
463;-0.73975;5.7232;-3.9974;7.1275;1
464;9.2603;-0.94345;-75.997;7.6295;1
465;-8.8647;-8.3509;68.003;15.976;1
466;1.1353;4.9825;-162.4;10.114;1
467;-3.8647;-1.6842;125.6;12.623;1
468;6.1353;-3.9064;-18.397;5.7485;1
469;-6.3647;9.4269;-90.397;15.244;1
470;3.6353;2.7602;53.603;3.6385;1
471;-1.3647;-6.1286;-133.6;5.936;1
472;8.6353;7.2047;154.4;10.074;1
473;-7.6147;0.53803;10.403;12.979;1
474;2.3853;-9.0916;-61.597;7.7812;1
475;-2.6147;4.2417;82.403;5.9261;1
476;7.3853;-2.4249;-171.04;8.6337;1
477;-5.1147;-4.6472;116.96;13.358;1
478;4.8853;8.6862;-27.037;8.7317;1
479;-0.11475;2.0195;-99.037;9.8963;1
480;9.8853;-6.8694;44.963;9.965;1
481;-9.8804;6.464;-113.44;17.312;1
482;0.11963;-0.20271;174.56;7.6408;1
483;-4.8804;-9.3385;30.563;12.307;1
484;5.1196;3.9948;-41.437;5.708;1
485;-7.3804;-2.6718;102.56;14.909;2
486;2.6196;-4.8941;-142.24;4.9957;2
487;-2.3804;8.4393;145.76;7.9282;1
488;7.6196;1.7726;1.7626;6.1477;1
489;-8.6304;-7.1163;-70.237;11.305;1
490;1.3696;6.217;73.763;5.4581;1
491;-3.6304;-0.44963;-156.64;6.6672;1
492;6.3696;-7.857;131.36;11.674;1
493;-6.1304;5.4763;-12.637;11.557;1
494;3.8696;-1.1904;-84.637;3.5211;1
495;-1.1304;-3.4126;59.363;9.3053;1
496;8.8696;9.9207;-127.84;13.842;1
497;-9.2554;3.2541;160.16;10.44;1
498;0.74463;-5.6348;16.163;6.5236;1
499;-4.2554;7.6985;-55.837;12.074;1
500;5.7446;1.0319;88.163;5.0548;1
501;-6.7554;-8.5978;-177.37;10.258;1
502;3.2446;4.7356;110.63;4.795;1
503;-1.7554;-1.9311;-33.373;10.112;1
504;8.2446;-4.1533;-105.37;7.7019;1
505;-8.0054;9.18;38.627;12.189;1
506;1.9946;2.5133;-119.77;7.8734;1
507;-3.0054;-6.3756;168.23;13;1
508;6.9946;6.9578;24.227;7.8437;1
509;-5.5054;0.29111;-47.773;13.356;1
510;4.4946;-9.5854;96.227;11.482;1
511;-0.50537;3.7479;-148.57;10.029;1
512;9.4946;-2.9188;139.43;10.414;1
513;-9.5679;-5.141;-4.5734;13.646;1
514;0.43213;8.1923;-76.573;10.357;1
515;-4.5679;1.5257;67.427;8.7098;1
516;5.4321;-7.3632;-162.97;8.3626;1
517;-7.0679;5.9701;125.03;9.3222;1
518;2.9321;-0.69654;-18.973;2.3694;1
519;-2.0679;-8.1039;-90.973;7.5768;1
520;7.9321;5.2294;53.027;7.5021;1
521;-8.3179;-1.4373;-134.17;9.8827;1
522;1.6821;-3.6595;153.83;8.842;1
523;-3.3179;9.6738;9.8266;10.241;1
524;6.6821;3.0072;-62.173;6.4019;1
525;-5.8179;-5.8817;81.827;13.467;1
526;4.1821;7.4516;-165.85;11.96;1
527;-0.81787;0.78494;122.15;8.251;1
528;9.1821;-8.8447;-21.853;10.103;1
529;-8.9429;4.4886;-93.853;15.969;1
530;1.0571;-2.178;50.147;10.179;2
531;-3.9429;-4.4002;-108.25;6.6641;1
532;6.0571;8.9331;179.75;10.049;1
533;-6.4429;2.2664;35.747;10.619;1
534;3.5571;-6.6225;-36.253;6.1595;1
535;-1.4429;6.7109;107.75;6.3638;1
536;8.5571;0.044201;-137.05;8.694;1
537;-7.6929;-9.9146;150.95;17.472;1
538;2.3071;3.4187;6.9466;3.7169;1
539;-2.6929;-3.248;-65.053;7.5352;1
540;7.3071;-5.4702;78.947;8.5722;1
541;-5.1929;7.8631;-151.45;14.93;1
542;4.8071;1.1965;136.55;5.5757;1
543;-0.19287;-7.6924;-7.4534;7.5791;1
544;9.8071;5.6409;-79.453;10.021;1
545;-9.7241;-1.0258;64.547;16.36;1
546;0.27588;-8.4332;-122.65;7.2641;1
547;-4.7241;4.9002;165.35;7.2735;1
548;5.2759;-1.7665;21.347;4.4422;1
549;-7.2241;-3.9887;-50.653;10.33;1
550;2.7759;9.3446;93.347;8.0207;1
551;-2.2241;2.6779;-171.61;11.185;1
552;7.7759;-6.2109;116.39;10.49;1
553;-8.4741;7.1224;-27.613;14.108;1
554;1.5259;0.45572;-99.613;8.4149;1
555;-3.4741;-9.1739;44.387;11.822;1
556;6.5259;4.1594;-114.01;8.5218;1
557;-5.9741;-2.5072;173.99;14.119;1
558;4.0259;-4.7295;29.987;5.618;1
559;-0.97412;8.6039;-42.013;10.041;1
560;9.0259;1.9372;101.99;7.8993;1
561;-9.0991;-6.9517;-142.81;11.074;1
562;0.90088;6.3816;145.19;5.7283;1
563;-4.0991;-0.28502;1.1866;11.561;1
564;5.9009;-9.4208;-70.813;8.91;1
565;-6.5991;3.9125;73.187;9.2461;1
566;3.4009;-2.7542;-157.21;5.0406;1
567;-1.5991;-4.9764;130.79;11.049;1
568;8.4009;8.357;-13.213;9.5888;1
569;-7.8491;1.6903;-85.213;15.159;1
570;2.1509;-7.1986;58.787;8.4766;1
571;-2.8491;6.1347;-128.41;12.329;1
572;7.1509;-0.53193;159.59;8.5845;1
573;-5.3491;-7.9393;15.587;11.541;1
574;4.6509;5.394;-56.413;6.9263;1
575;-0.34912;-1.2727;87.587;10.35;1
576;9.6509;-3.4949;-174.49;10.57;1
577;-9.4116;9.8384;113.51;12.477;1
578;0.58838;3.1718;-30.493;9.3364;1
579;-4.4116;-5.7171;-102.49;7.4586;1
580;5.5884;7.6162;41.507;7.5675;1
581;-6.9116;0.94955;-116.89;14.913;1
582;3.0884;-8.6801;171.11;12.959;1
583;-1.9116;4.6533;27.107;6.9074;1
584;8.0884;-2.0134;-44.893;6.576;1
585;-8.1616;-4.2356;99.107;15.435;1
586;1.8384;9.0977;-145.69;12.76;1
587;-3.1616;2.431;142.31;5.697;1
588;6.8384;-6.4579;-1.6934;7.5434;1
589;-5.6616;6.8755;-73.693;13.361;1
590;4.3384;0.20881;70.307;3.7461;1
591;-0.66162;-9.6677;-160.09;8.5127;1
592;9.3384;3.6656;127.91;8.9002;1
593;-8.7866;-3.0011;-16.093;12.83;1
594;1.2134;-5.2233;-88.093;4.674;1
595;-3.7866;8.11;55.907;8.6586;1
596;6.2134;1.4434;-131.29;7.3626;1
597;-6.2866;-7.4455;156.71;15.493;1
598;3.7134;5.8878;12.707;5.7844;1
599;-1.2866;-0.77884;-59.293;10.479;1
600;8.7134;-8.1863;84.707;11.132;1
601;-7.5366;5.1471;-168.73;15.669;1
602;2.4634;-1.5196;119.27;7.3896;1
603;-2.5366;-3.7418;-24.733;8.1603;1
604;7.4634;9.5915;-96.733;12.057;1
605;-5.0366;2.9249;47.267;8.9925;1
606;4.9634;-5.964;-111.13;6.3945;1
607;-0.036621;7.3693;176.87;6.8784;1
608;9.9634;0.70264;32.867;7.8669;1
609;-9.978;-8.927;-39.133;13.489;1
610;0.021973;4.4063;104.87;4.2315;1
611;-4.978;-2.2603;-139.93;7.1436;1
612;5.022;-4.4825;148.07;9.3636;1
613;-7.478;8.8508;4.0666;12.693;1
614;2.522;2.1841;-67.933;7.9219;1
615;-2.478;-6.7048;76.067;11.104;1
616;7.522;6.6286;-154.33;11.956;1
617;-8.728;-0.038104;133.67;16.592;1
618;1.272;-9.9421;-10.333;8.8472;1
619;-3.728;3.3913;-82.333;11.672;1
620;6.272;-3.2754;61.667;6.2856;1
621;-6.228;-5.4976;-125.53;8.5675;1
622;3.772;7.8357;162.47;7.8104;1
623;-1.228;1.169;18.467;11.299;1
624;8.772;-7.7199;-53.533;9.244;1
625;-9.353;5.6135;90.467;11.21;1
626;0.64697;-1.0532;-178.53;6.2659;1
627;-4.353;-8.4606;109.47;13.993;1
628;5.647;4.8727;-34.525;6.3828;1
629;-6.853;-1.7939;-106.53;9.0487;1
630;3.147;-4.0162;37.475;5.1644;1
631;-1.853;9.3172;-120.93;13.404;1
632;8.147;2.6505;167.07;9.0929;1
633;-8.103;-6.2384;23.075;13.525;1
634;1.897;7.095;-48.925;8.1227;1
635;-3.103;0.42829;95.075;8.8172;1
636;6.897;-9.2013;-149.73;9.8879;1
637;-5.603;4.132;138.27;7.7299;1
638;4.397;-2.5347;-5.7254;4.0304;1
639;-0.60303;-4.7569;-77.725;4.7913;1
640;9.397;8.5764;66.275;10.072;1
641;-9.6655;1.9098;-164.13;17.054;1
642;0.33447;-6.9791;123.87;11.003;1
643;-4.6655;6.3542;-20.125;10.78;1
644;5.3345;-0.31245;-92.125;4.9008;1
645;-7.1655;-9.4483;51.875;14.618;1
646;2.8345;3.8851;-135.33;8.3105;1
647;-2.1655;-2.7816;152.67;11.112;1
648;7.8345;-5.0038;8.6746;7.406;1
649;-8.4155;8.3295;-63.325;15.505;1
650;1.5845;1.6629;80.675;1.9425;2
651;-3.4155;-7.226;-167.01;7.6233;1
652;6.5845;6.1073;120.99;7.5338;1
653;-5.9155;-0.55937;-23.005;11.529;1
654;4.0845;-7.9668;-95.005;7.2824;1
655;-0.91553;5.3666;48.995;5.6509;1
656;9.0845;-1.3001;-109.41;8.111;1
657;-9.0405;-3.5223;178.59;16.578;1
658;0.95947;9.811;34.595;8.4605;1
659;-4.0405;3.1443;-37.405;10.967;1
660;5.9595;-5.7446;106.59;9.1544;1
661;-6.5405;7.5888;-138.21;15.534;1
662;3.4595;0.92212;149.79;5.1568;1
663;-1.5405;-8.7075;5.7946;9.1942;1
664;8.4595;4.6258;-66.205;8.3747;1
665;-7.7905;-2.0408;77.795;14.931;1
666;2.2095;-4.2631;-152.61;4.6028;1
667;-2.7905;9.0703;135.39;8.502;1
668;7.2095;2.4036;-8.6054;5.9944;1
669;-5.2905;-6.4853;-80.605;8.5439;1
670;4.7095;6.848;63.395;6.6892;1
671;-0.29053;0.18137;-123.81;8.9081;1
672;9.7095;-9.6952;164.19;15.234;1
673;-9.8218;3.6382;20.195;13.395;1
674;0.17822;-3.0285;-51.805;4.4395;-2
675;-4.8218;-5.2507;92.195;12.821;1
676;5.1782;8.0826;-172.77;12.79;1
677;-7.3218;1.4159;115.23;9.3451;1
678;2.6782;-7.4729;-28.765;6.6743;1
679;-2.3218;5.8604;-100.77;11.334;1
680;7.6782;-0.80628;43.235;6.1781;1
681;-8.5718;-8.2137;-115.17;11.217;1
682;1.4282;5.1196;172.83;5.278;1
683;-3.5718;-1.547;28.835;11.176;1
684;6.4282;-3.7692;-43.165;5.8803;1
685;-6.0718;9.5641;100.83;10.37;1
686;3.9282;2.8974;-143.97;7.7963;1
687;-1.0718;-5.9915;144.03;11.441;1
688;8.9282;7.3419;0.03456;9.1984;1
689;-9.1968;0.6752;-71.965;16.202;1
690;0.80322;-8.9544;72.035;10.599;1
691;-4.1968;4.3789;-158.37;12.958;1
692;5.8032;-2.2878;129.63;7.5424;1
693;-6.6968;-4.51;-14.365;11.071;1
694;3.3032;8.8234;-86.365;10.537;1
695;-1.6968;2.1567;57.635;9.2775;1
696;8.3032;-6.7322;-129.57;9.0736;1
697;-7.9468;6.6011;158.43;10.133;1
698;2.0532;-0.065539;14.435;1.6179;1
699;-2.9468;-9.7775;-57.565;9.2458;1
700;7.0532;3.5559;86.435;6.4148;1
701;-5.4468;-3.1108;-175.65;7.4437;1
702;4.5532;-5.333;112.35;8.7331;1
703;-0.44678;8.0003;-31.645;9.0578;1
704;9.5532;1.3336;-103.65;8.7441;1
705;-9.5093;-7.5553;40.355;15.406;1
706;0.49072;5.7781;-118.05;9.9974;1
707;-4.5093;-0.88858;169.95;13.212;1
708;5.4907;-8.296;25.955;8.5622;1
709;-7.0093;5.0373;-46.045;13.338;1
710;2.9907;-1.6293;97.955;6.9796;1
711;-2.0093;-3.8515;-146.85;4.9977;1
712;7.9907;9.4818;141.15;10.468;1
713;-8.2593;2.8151;-2.8454;13.12;1
714;1.7407;-6.0738;-74.845;5.36;1
715;-3.2593;7.2596;69.155;7.7303;1
716;6.7407;0.5929;-161.25;8.3778;1
717;-5.7593;-9.0367;126.75;15.51;1
718;4.2407;4.2966;-17.245;5.1435;1
719;-0.75928;-2.3701;-89.245;7.8267;1
720;9.2407;-4.5923;54.755;8.6184;1
721;-8.8843;8.741;-132.45;17.534;1
722;1.1157;2.0744;155.55;3.1816;-2
723;-3.8843;-6.8145;11.555;9.9982;1
724;6.1157;6.5188;-60.445;8.2748;1
725;-6.3843;-0.14784;83.555;14.492;1
726;3.6157;-9.2836;-169.89;8.9035;1
727;-1.3843;4.0497;118.11;4.6902;1
728;8.6157;-2.617;-25.885;7.0771;1
729;-7.6343;-4.8392;-97.885;9.6663;1
730;2.3657;8.4941;46.115;7.3493;1
731;-2.6343;1.8275;-112.29;11.49;1
732;7.3657;-7.0614;175.71;12.823;1
733;-5.1343;6.2719;31.715;9.3964;1
734;4.8657;-0.39476;-40.285;3.8789;1
735;-0.13428;-7.8022;103.71;11.203;1
736;9.8657;5.5312;-141.09;11.986;1
737;-9.8999;-1.1355;146.91;17.31;1
738;0.1001;-3.3577;2.9146;10.151;1
739;-4.8999;9.9756;-69.085;13.926;1
740;5.1001;3.3089;74.915;4.8714;1
741;-7.3999;-5.5799;-155.49;9.4174;1
742;2.6001;7.7534;132.51;6.9165;1
743;-2.3999;1.0867;-11.485;10.768;1
744;7.6001;-8.5429;-83.485;9.1173;1
745;-8.6499;4.7904;60.515;11.16;1
746;1.3501;-1.8762;-126.69;2.4705;-2
747;-3.6499;-4.0985;161.31;12.491;1
748;6.3501;9.2349;17.315;9.0254;1
749;-6.1499;2.5682;-54.685;13.111;1
750;3.8501;-6.3207;89.315;8.6556;1
751;-1.1499;7.0127;-179.1;12.552;1
752;8.8501;0.34598;108.9;7.9999;1
753;-9.2749;-9.5306;-35.101;13.292;1
754;0.7251;3.8028;-107.1;8.6025;1
755;-4.2749;-2.8639;36.899;11.204;1
756;5.7251;-5.0861;-121.5;6.5244;1
757;-6.7749;8.2472;166.5;10.062;1
758;3.2251;1.5806;22.499;2.8388;1
759;-1.7749;-7.3083;-49.501;7.2183;1
760;8.2251;6.025;94.499;8.222;1
761;-8.0249;-0.64167;-150.3;9.7017;1
762;1.9751;-8.0491;137.7;11.714;1
763;-3.0249;5.2843;-6.3014;8.8857;1
764;6.9751;-1.3824;-78.301;5.8751;1
765;-5.5249;-3.6046;65.699;12.718;1
766;4.4751;9.7287;-164.7;13.728;1
767;-0.5249;3.062;123.3;3.7072;-2
768;9.4751;-5.8269;-20.701;8.7669;1
769;-9.5874;7.5065;-92.701;16.917;1
770;0.4126;0.83981;51.299;1.2387;-2
771;-4.5874;-8.7898;-135.9;9.1106;1
772;5.4126;4.5435;152.1;6.7971;1
773;-7.0874;-2.1232;8.0986;12.612;1
774;2.9126;-4.3454;-63.901;4.2886;1
775;-2.0874;8.988;80.099;8.2316;1
776;7.9126;2.3213;-167.58;10.101;1
777;-8.3374;-6.5676;120.42;16.269;1
778;1.6626;6.7657;-23.581;7.1352;1
779;-3.3374;0.09907;-95.581;12.687;1
780;6.6626;-9.8598;48.419;10.539;1
781;-5.8374;3.4736;-109.98;13.735;1
782;4.1626;-3.1931;178.02;9.0208;1
783;-0.8374;-5.4153;34.019;8.1606;1
784;9.1626;7.918;-37.981;10.036;1
785;-8.9624;1.2513;106.02;10.766;1
786;1.0376;-7.6376;-138.78;6.6723;1
787;-3.9624;5.6958;149.22;7.0741;1
788;6.0376;-0.97089;5.2186;4.8064;1
789;-6.4624;-8.3783;-66.781;10.283;1
790;3.5376;4.955;77.219;4.9453;1
791;-1.4624;-1.7116;-153.18;6.0233;1
792;8.5376;-3.9339;134.82;10.147;1
793;-7.7124;9.3995;-9.1814;13.491;1
794;2.2876;2.7328;-81.181;7.7477;1
795;-2.7124;-6.1561;62.819;10.678;1
796;7.2876;7.1773;-124.38;11.235;1
797;-5.2124;0.51059;163.62;7.6039;1
798;4.7876;-9.119;19.619;8.8915;1
799;-0.2124;4.2143;-52.381;8.3514;1
800;9.7876;-2.4524;91.619;8.9376;1
801;-9.7437;-4.6746;-173.34;10.975;1
802;0.25635;8.6587;114.66;7.4315;1
803;-4.7437;1.9921;-29.341;11.657;1
804;5.2563;-6.8968;-101.34;7.0338;1
805;-7.2437;6.4365;42.659;10.721;1
806;2.7563;-0.23015;-115.74;6.4048;1
807;-2.2437;-9.366;172.26;14.518;1
808;7.7563;3.9674;28.259;6.8609;1
809;-8.4937;-2.6993;-43.741;11.727;1
810;1.5063;-4.9215;100.26;8.4949;1
811;-3.4937;8.4118;-144.54;14.138;1
812;6.5063;1.7452;143.46;7.04;1
813;-5.9937;-7.1437;-0.54144;11.229;1
814;4.0063;6.1896;-72.541;7.9787;1
815;-0.99365;-0.47706;71.459;11.134;1
816;9.0063;-7.8845;-158.94;10.727;1
817;-9.1187;5.4489;129.06;10.69;1
818;0.88135;-1.2178;-14.941;1.8244;-2
819;-4.1187;-3.44;-86.941;7.0314;1
820;5.8813;9.8933;57.059;9.2303;1
821;-6.6187;3.2266;-130.14;14.53;1
822;3.3813;-5.6622;157.86;10.283;1
823;-1.6187;7.6711;13.859;8.0731;1
824;8.3813;1.0044;-58.141;6.8891;1
825;-7.8687;-8.6252;85.859;15.83;1
826;2.1313;4.7081;-176.22;9.937;1
827;-2.8687;-1.9585;111.78;11.628;1
828;7.1313;-4.1808;-32.221;6.5188;1
829;-5.3687;9.1526;-104.22;14.847;1
830;4.6313;2.4859;39.779;4.1509;1
831;-0.36865;-6.403;-118.62;5.8077;1
832;9.6313;6.9303;169.38;11.109;1
833;-9.4312;0.26368;25.379;13.787;1
834;0.56885;-9.6129;-46.621;8.2507;1
835;-4.4312;3.7205;97.379;7.0766;1
836;5.5688;-2.9462;-147.42;6.438;1
837;-6.9312;-5.1684;140.58;15.11;1
838;3.0688;8.1649;-3.4214;7.6296;1
839;-1.9312;1.4982;-75.421;11.016;1
840;8.0688;-7.3906;68.579;9.8568;1
841;-8.1812;5.9427;-161.82;16.336;1
842;1.8188;-0.72398;126.18;7.775;1
843;-3.1812;-8.1314;-17.821;9.1084;1
844;6.8188;5.202;-89.821;8.5154;1
845;-5.6812;-1.4647;54.179;13.091;1
846;4.3188;-3.6869;-133.02;5.2464;1
847;-0.68115;9.6464;154.98;8.4562;1
848;9.3188;2.9797;10.979;7.6896;1
849;-8.8062;-5.9092;-61.021;11.368;1
850;1.1938;7.4242;82.979;6.4037;1
851;-3.8062;0.75751;-170.46;12.752;1
852;6.1938;-8.8721;117.54;11.917;1
853;-6.3062;4.4612;-26.461;12.171;1
854;3.6938;-2.2055;-98.461;3.7182;1
855;-1.3062;-4.4277;45.539;8.8438;1
856;8.6938;8.9057;-112.86;12.551;1
857;-7.5562;2.239;175.14;9.0849;1
858;2.4438;-6.6499;31.139;7.1079;1
859;-2.5562;6.6834;-40.861;10.02;1
860;7.4438;0.016766;103.14;6.8278;1
861;-5.0562;-9.9695;-141.66;10.065;1
862;4.9438;3.3638;146.34;5.9807;1
863;-0.056152;-3.3029;2.3386;10.171;1
864;9.9438;-5.5251;-69.661;9.0155;1
865;-9.939;7.8083;74.339;12.389;1
866;0.061035;1.1416;-156.06;8.7561;1
867;-4.939;-7.7473;131.94;14.465;1
868;5.061;5.586;-12.061;6.2761;1
869;-7.439;-1.0806;-84.061;10.205;1
870;2.561;-8.488;59.939;9.4276;1
871;-2.439;4.8453;-127.26;11.537;1
872;7.561;-1.8214;160.74;9.4144;1
873;-8.689;-4.0436;16.739;13.735;1
874;1.311;9.2897;-55.261;10.119;1
875;-3.689;2.6231;88.739;6.9198;1
876;6.311;-6.2658;-177.95;8.8303;1
877;-6.189;7.0675;110.05;9.1668;1
878;3.811;0.40085;-33.949;3.0781;1
879;-1.189;-9.2288;-105.95;8.1173;1
880;8.811;4.1046;38.051;7.6505;1
881;-9.314;-2.5621;-120.35;10.656;1
882;0.68604;-4.7843;167.65;10.193;1
883;-4.314;8.549;23.651;9.8588;1
884;5.686;1.8823;-48.349;5.0186;1
885;-6.814;-7.0066;95.651;14.8;1
886;3.186;6.3268;-149.15;10.58;1
887;-1.814;-0.33989;138.85;11.85;1
888;8.186;-9.4757;-5.1494;10.033;1
889;-8.064;3.8576;-77.149;14.945;1
890;1.936;-2.809;66.851;8.2137;1
891;-3.064;-5.0312;-163.55;6.2022;1
892;6.936;8.3021;124.45;8.9493;1
893;-5.564;1.6354;-19.549;12.101;1
894;4.436;-7.2535;-91.549;6.8882;1
895;-0.56396;6.0799;52.451;5.8435;1
896;9.436;-0.5868;-134.75;9.1708;1
897;-9.6265;-7.9942;153.25;17.98;1
898;0.37354;5.3391;9.2506;5.7975;1
899;-4.6265;-1.3275;-62.749;9.0251;1
900;5.3735;-3.5498;81.251;6.5466;1
901;-7.1265;9.7836;-166.43;17.195;1
902;2.8735;3.1169;121.57;3.8039;1
903;-2.1265;-5.772;-22.429;7.3;1
904;7.8735;7.5613;-94.429;10.684;1
905;-8.3765;0.89468;49.571;11.989;1
906;1.6235;-8.7349;-108.83;7.4474;1
907;-3.3765;4.5984;179.17;6.2436;1
908;6.6235;-2.0683;35.171;5.5999;1
909;-5.8765;-4.2905;-36.829;9.6857;1
910;4.1235;9.0428;107.17;8.1109;1
911;-0.87646;2.3762;-137.63;10.133;1
912;9.1235;-6.5127;150.37;12.482;1
913;-9.0015;6.8206;6.3706;13.267;1
914;0.99854;0.15394;-65.629;9.7081;1
915;-4.0015;-9.7226;78.371;13.563;1
916;5.9985;3.6107;-152.03;9.2379;1
917;-6.5015;-3.0559;135.97;14.466;1
918;3.4985;-5.2782;-8.0294;5.317;1
919;-1.5015;8.0552;-80.029;11.298;1
920;8.4985;1.3885;63.971;6.9174;1
921;-7.7515;-7.5004;-123.23;10.357;1
922;2.2485;5.833;164.77;5.8938;1
923;-2.7515;-0.83371;20.771;11.171;1
924;7.2485;-8.2411;-51.229;8.7261;1
925;-5.2515;5.0922;92.771;7.9514;1
926;4.7485;-1.5745;-172.19;6.6812;1
927;-0.25146;-3.7967;115.81;9.4678;1
928;9.7485;9.5367;-28.189;11.155;1
929;-9.7827;2.87;-100.19;16.723;1
930;0.21729;-6.0189;43.811;7.9844;1
931;-4.7827;7.3144;-114.59;13.879;1
932;5.2173;0.64777;173.41;7.2961;1
933;-7.2827;-8.9819;29.411;13.762;1
934;2.7173;4.3515;-42.589;5.6674;1
935;-2.2827;-2.3152;101.41;11.018;1
936;7.7173;-4.5374;-143.39;8.2446;1
937;-8.5327;8.7959;144.61;11.411;1
938;1.4673;2.1292;0.61056;2.8047;-2
939;-3.5327;-6.7596;-71.389;7.6077;1
940;6.4673;6.5737;72.611;7.3441;1
941;-6.0327;-0.092974;-157.79;8.3595;1
942;3.9673;-9.8049;130.21;12.771;1
943;-1.0327;3.5284;-13.789;9.4195;1
944;8.9673;-3.1382;-85.789;7.7364;1
945;-9.1577;-5.3605;58.211;15.393;1
946;0.84229;7.9729;-128.99;11.669;1
947;-4.1577;1.3062;159.01;6.6131;1
948;5.8423;-7.5827;15.011;7.9827;1
949;-6.6577;5.7506;-56.989;13.434;1
950;3.3423;-0.91602;87.011;4.3377;-2
951;-1.6577;-8.3234;-175.07;7.8051;1
952;8.3423;5.0099;112.93;8.1515;1
953;-7.9077;-1.6568;-31.069;12.028;1
954;2.0923;-3.879;-103.07;3.7386;1
955;-2.9077;9.4544;40.931;9.229;1
956;7.0923;2.7877;-117.47;8.1045;1
957;-5.4077;-6.1012;170.53;14.428;1
958;4.5923;7.2321;26.531;6.9506;1
959;-0.40771;0.56546;-45.469;12.015;2
960;9.5923;-9.0642;98.531;12.534;1
961;-9.4702;4.2692;-146.27;16.936;1
962;0.52979;-2.3975;141.73;9.0563;1
963;-4.4702;-4.6197;-2.2694;9.7388;1
964;5.5298;8.7136;-74.269;10.179;1
965;-6.9702;2.0469;69.731;9.9444;1
966;3.0298;-6.8419;-160.67;6.7999;1
967;-1.9702;6.4914;127.33;6.4284;1
968;8.0298;-0.17528;-16.669;6.3115;1
969;-8.2202;-9.3111;-88.669;11.594;1
970;1.7798;4.0223;55.331;3.7807;1
971;-3.2202;-2.6444;-131.87;5.7865;1
972;6.7798;-4.8666;156.13;10.534;1
973;-5.7202;8.4667;12.131;11.077;1
974;4.2798;1.8;-59.869;4.3285;1
975;-0.72021;-7.0889;84.131;10.445;1
976;9.2798;6.2445;-169.31;13.021;1
977;-8.8452;-0.42219;118.69;16.534;1
978;1.1548;-7.8296;-25.309;7.0002;1
979;-3.8452;5.5037;-97.309;12.241;1
980;6.1548;-1.1629;46.691;5.1099;1
981;-6.3452;-3.3852;-111.71;8.3897;1
982;3.6548;9.9482;176.29;9.5346;1
983;-1.3452;3.2815;32.291;8.9945;1
984;8.6548;-5.6074;-39.709;8.1326;1
985;-7.5952;7.726;104.29;10.405;1
986;2.4048;1.0593;-140.51;7.2292;1
987;-2.5952;-8.5703;147.49;13.815;1
988;7.4048;4.763;3.4906;6.9747;1
989;-5.0952;-1.9037;-68.509;8.764;1
990;4.9048;-4.1259;75.491;6.6187;1
991;-0.095215;9.2074;-154.91;13.433;1
992;9.9048;2.5408;133.09;9.3819;1
993;-9.8608;-6.3481;-10.909;13.721;1
994;0.13916;6.9852;-82.909;9.8998;1
995;-4.8608;0.31855;61.091;9.861;1
996;5.1392;-9.558;-126.11;8.9422;1
997;-7.3608;3.7753;161.89;9.0055;1
998;2.6392;-2.8913;17.891;3.7876;-2
999;-2.3608;-5.1135;-54.109;6.4576;1
1000;7.6392;8.2198;89.891;8.9709;1
