1;0.69458;5.7766;0.00576;-0.84501;-1.5547;0.81531;7.6278;1
2;5.6946;1.3321;8.0058;1.4407;1.3544;-0.41546;6.4929;1
3;3.1946;7.9988;4.0058;-1.4164;-0.10013;-1.0308;7.8206;1
4;8.1946;4.6654;2.0058;0.86928;-0.8274;1.4307;6.2942;1
5;1.9446;0.96174;6.0058;-0.27358;0.62714;0.19992;4.9661;1
6;6.9446;7.6284;1.6058;-1.6613;-1.6538;-1.7646;13.527;1
7;4.4446;4.2951;9.6058;0.62438;1.2552;0.69696;6.1482;1
8;9.4446;3.184;5.6058;-0.51847;-0.1993;-0.5338;7.646;1
9;0.38208;9.8506;3.6058;1.7672;-0.92658;1.9277;8.4801;1
10;5.3821;6.5173;7.6058;-1.0899;1.9825;-1.1492;8.3679;1
11;2.8821;2.0729;0.80576;1.1958;0.52797;1.3123;3.1638;1
12;7.8821;8.7395;8.8058;0.052954;-1.2902;0.08158;8.6776;1
13;1.6321;5.4062;4.8058;-1.8246;1.6189;-1.4569;7.9676;1
14;6.6321;0.59137;2.8058;0.46112;0.16433;1.0047;4.7986;1
15;4.1321;7.258;6.8058;-0.68174;-0.56294;-0.22611;7.5411;1
16;9.1321;3.9247;0.40576;1.604;0.89161;-0.8415;5.2494;1
17;1.0071;2.8136;8.4058;-1.2532;-1.7861;1.62;7.3615;1
18;6.0071;9.4803;4.4058;1.0325;1.123;0.38927;5.8924;1
19;3.5071;6.1469;2.4058;-0.11031;-0.33153;-1.8592;7.5302;1
20;8.5071;1.7025;6.4058;-1.4981;-1.0588;0.60229;8.3774;1
21;2.2571;8.3692;1.2058;0.78765;1.8503;-0.62848;4.8566;1
22;7.2571;5.0358;9.2058;-0.35521;0.39574;1.8331;6.3935;1
23;4.7571;0.056394;5.2058;1.9305;-1.4224;-1.2439;7.1522;1
24;9.7571;6.7231;3.2058;-0.92664;1.4866;1.2177;7.5358;1
25;0.22583;3.3897;7.2058;1.3591;0.032102;-0.013095;6.0108;1
26;5.2258;2.2786;0.32576;0.21622;-0.69517;-1.5516;5.7963;1
27;2.7258;8.9453;8.3258;-1.9062;0.75937;0.90998;7.3514;1
28;7.7258;5.6119;4.3258;0.37948;-1.9514;-0.32079;8.4806;1
29;1.4758;1.1675;2.3258;-0.76337;0.95772;-0.93617;5.3525;1
30;6.4758;7.8342;6.3258;1.5223;-0.49682;1.5254;6.3343;1
31;3.9758;4.5008;1.9258;-1.3348;-1.2241;0.2946;7.4385;1
32;8.9758;0.79713;9.9258;0.95091;1.685;-1.9066;9.8999;1
33;0.85083;7.4638;5.9258;-0.19194;0.23045;0.55495;5.7625;1
34;5.8508;4.1305;3.9258;-1.5797;-1.5877;-0.67582;10.227;1
35;3.3508;3.0194;7.9258;0.70602;1.3214;1.7857;4.7337;1
36;8.3508;9.686;1.1258;-0.43684;-0.13319;-1.2912;8.0409;1
37;2.1008;6.3527;9.1258;1.8489;-0.86046;1.1703;7.3872;1
38;7.1008;1.9082;5.1258;-1.0083;0.59409;-0.060432;7.0444;1
39;4.6008;8.5749;3.1258;1.2774;-1.6869;-1.5989;10.555;1
40;9.6008;5.2416;7.1258;0.13459;1.2222;0.86264;6.4991;1
41;0.53833;0.42676;0.72576;-1.743;-0.23236;-0.36812;5.1807;1
42;5.5383;7.0934;8.7258;0.54275;-0.95963;-0.98351;8.5372;1
43;3.0383;3.7601;4.7258;-0.60011;1.9495;1.478;5.5994;1
44;8.0383;2.649;2.7258;1.6856;0.49491;0.24726;4.827;1
45;1.7883;9.3157;6.7258;-1.1715;-1.3233;-1.7172;12.701;1
46;6.7883;5.9823;1.5258;1.1142;1.5858;0.7443;4.7748;1
47;4.2883;1.5379;9.5258;-0.028679;0.13128;-0.48647;6.988;1
48;9.2883;8.2045;5.5258;-1.9412;-0.596;1.9751;10.289;1
49;1.1633;4.8712;3.5258;0.3445;0.85855;-1.1019;5.3697;1
50;6.1633;0.30331;7.5258;-0.79836;-1.8191;1.3597;7.125;1
51;3.6633;6.97;0.16576;1.4874;1.09;0.12892;4.641;1
52;8.6633;3.6366;8.1658;-1.3698;-0.36459;-1.4095;9.857;1
53;2.4133;2.5255;4.1658;0.91593;-1.0919;1.052;4.8375;1
54;7.4133;9.1922;2.1658;-0.22693;1.8172;-0.17878;6.2167;1
55;4.9133;5.8589;6.1658;-1.6147;0.36268;-0.79416;8.1623;1
56;9.9133;1.4144;1.7658;0.67103;-1.4555;1.6674;7.1341;1
57;0.14771;8.0811;9.7658;-0.47183;1.4536;0.43661;6.2416;1
58;5.1477;4.7478;5.7658;1.8139;-0.00095622;-1.8119;7.8518;1
59;2.6477;1.044;3.7658;-1.0433;-0.72823;0.64963;5.2089;1
60;7.6477;7.7107;7.7658;1.2425;0.72632;-0.58114;6.8515;1
61;1.3977;4.3774;0.96576;0.099601;-1.8853;1.8804;8.4015;1
62;6.3977;3.2663;8.9658;-1.7779;1.0238;-1.1965;9.7246;1
63;3.8977;9.9329;4.9658;0.50776;-0.43071;1.265;6.8614;1
64;8.8977;6.5996;2.9658;-0.63509;-1.158;0.034242;8.2946;1
65;0.77271;2.1552;6.9658;1.6506;1.7511;-1.5042;8.8493;1
66;5.7727;8.8218;0.56576;-1.2065;0.29656;0.95732;7.4084;1
67;3.2727;5.4885;8.5658;1.0792;-1.5216;-0.27345;7.9526;1
68;8.2727;0.67368;4.5658;-0.063664;1.3875;-0.88883;7.1135;1
69;2.0227;7.3403;2.5658;-1.4514;-0.067072;1.5727;6.7185;1
70;7.0227;4.007;6.5658;0.8343;-0.79434;0.34193;6.2212;1
71;4.5227;2.8959;1.3658;-0.30856;0.6602;-1.9958;6.5193;1
72;9.5227;9.5626;9.3658;1.9772;-1.753;0.46574;9.0116;1
73;0.46021;6.2292;5.3658;-0.87999;1.1561;-0.76503;5.9884;1
74;5.4602;1.7848;3.3658;1.4057;-0.29848;1.6965;4.2813;1
75;2.9602;8.4515;7.3658;0.26287;-1.0257;-1.3804;9.0344;1
76;7.9602;5.1181;0.08576;-1.8596;1.8833;1.0811;8.7315;1
77;1.7102;0.17985;8.0858;0.42613;0.4288;-0.14964;5.8798;1
78;6.7102;6.8465;4.0858;-0.71673;-1.3894;-1.6881;9.3532;1
79;4.2102;3.5132;2.0858;1.569;1.5197;0.77343;3.6363;1
80;9.2102;2.4021;6.0858;-1.2882;0.065159;-0.45734;8.3961;1
81;1.0852;9.0687;1.6858;0.99756;-0.66211;-1.0727;7.4782;1
82;6.0852;5.7354;9.6858;-0.1453;0.79243;1.3888;6.2042;1
83;3.5852;1.291;5.6858;-1.5331;-1.9904;0.15805;8.8078;1
84;8.5852;7.9576;3.6858;0.75266;0.91865;-1.8064;7.3457;1
85;2.3352;4.6243;7.6858;-0.39019;-0.53589;0.65509;6.0729;1
86;7.3352;0.92059;0.88576;1.8955;-1.2632;-0.57568;4.9915;1
87;4.8352;7.5873;8.8858;-0.96162;1.6459;1.8859;6.2726;1
88;9.8352;4.2539;4.8858;1.3241;0.19138;-1.1911;6.7009;1
89;0.30396;3.1428;2.8858;0.18123;-1.6268;1.2705;5.9837;1
90;5.304;9.8095;6.8858;-1.6963;1.2823;0.039704;7.7336;1
91;2.804;6.4761;0.48576;0.5894;-0.17226;-1.4988;5.9952;1
92;7.804;2.0317;8.4858;-0.55346;-0.89953;0.96278;7.022;1
93;1.554;8.6984;4.4858;1.7323;0.55502;-0.26799;6.3445;1
94;6.554;5.365;2.4858;-1.1249;-1.726;-0.88337;9.0355;1
95;4.054;0.55022;6.4858;1.1608;1.1831;1.5782;4.6697;1
96;9.054;7.2169;1.2858;0.017969;-0.27143;0.3474;6.9805;1
97;0.92896;3.8836;9.2858;-1.9645;-0.9987;-1.9011;13.277;1
98;5.929;2.7724;5.2858;0.32118;1.9104;0.56041;5.3137;1
99;3.429;9.4391;3.2858;-0.82168;0.45584;-0.67035;6.8161;1
100;8.429;6.1058;7.2858;1.464;-1.3623;1.7912;6.9406;1
101;2.179;1.6613;0.24576;-1.3931;1.5468;-1.2857;6.4365;1
102;7.179;8.328;8.2458;0.8926;0.092207;1.1758;6.5147;1
103;4.679;4.9947;4.2458;-0.25025;-0.63507;-0.05497;6.3704;1
104;9.679;0.010669;2.2458;-1.638;0.81948;-1.5934;9.4178;1
105;0.61646;6.6773;6.2458;0.64771;-1.8582;0.86811;7.8006;1
106;5.6165;3.344;1.8458;-0.49515;1.0509;-0.36266;5.5552;1
107;3.1165;2.2329;9.8458;1.7906;-0.40366;-0.97805;7.9139;1
108;8.1165;8.8996;5.8458;-1.0666;-1.1309;1.4835;9.1884;1
109;1.8665;5.5662;3.8458;1.2191;1.7782;0.25272;4.3639;1
110;6.8665;1.1218;7.8458;0.076278;0.32361;-1.7118;8.3343;1
111;4.3665;7.7884;1.0458;-1.8013;-1.4946;0.74976;9.2888;1
112;9.3665;4.4551;9.0458;0.48444;1.4145;-0.48101;7.3185;1
113;1.2415;0.75141;5.0458;-0.65842;-0.040025;1.9805;3.8683;1
114;6.2415;7.4181;3.0458;1.6273;-0.7673;-1.0964;7.1915;1
115;3.7415;4.0847;7.0458;-1.2298;0.68725;1.3651;5.9635;1
116;8.7415;2.9736;0.64576;1.0559;-1.9243;0.13438;6.8647;1
117;2.4915;9.6403;8.6458;-0.086988;0.98477;-1.4041;7.9949;1
118;7.4915;6.307;4.6458;-1.4747;-0.46978;1.0575;8.1448;1
119;4.9915;1.8625;2.6458;0.81097;-1.197;-0.17331;5.1964;1
120;9.9915;8.5292;6.6458;-0.33189;1.712;-0.7887;7.8268;1
121;0.0061035;5.1959;1.4458;1.9538;0.2575;1.6728;6.3205;1
122;5.0061;0.38104;9.4458;-0.90331;-1.5607;0.44207;7.3139;1
123;2.5061;7.0477;5.4458;1.3824;1.3484;-1.9485;7.7715;1
124;7.5061;3.7144;3.4458;0.23954;-0.10614;0.51308;5.7271;1
125;1.2561;2.6033;7.4458;-1.8829;-0.83341;-0.71769;7.9433;1
126;6.2561;9.2699;0.06976;0.40281;0.62113;1.7438;6.6528;1
127;3.7561;5.9366;8.0698;-0.74005;-1.6599;-1.3331;12.775;1
128;8.7561;1.4922;4.0698;1.5457;1.2492;1.1285;5.0288;1
129;0.6311;8.1588;2.0698;-1.3115;-0.20531;-0.10231;6.5721;1
130;5.6311;4.8255;6.0698;0.97424;-0.93259;-1.6408;8.4046;1
131;3.1311;0.25758;1.6698;-0.16862;1.9765;0.82077;5.4214;1
132;8.1311;6.9242;9.6698;-1.5564;0.52196;-0.41;9.0712;1
133;1.8811;3.5909;5.6698;0.72934;-1.2962;-1.0254;7.5513;1
134;6.8811;2.4798;3.6698;-0.41352;1.6129;1.4362;6.1039;1
135;4.3811;9.1465;7.6698;1.8722;0.15832;0.20538;6.9016;1
136;9.3811;5.8131;0.86976;-0.98495;-0.56895;-1.7591;8.7346;1
137;0.3186;1.3687;8.8698;1.3008;0.8856;0.70243;5.7025;1
138;5.3186;8.0354;4.8698;0.15791;-1.7921;-0.52834;9.44;1
139;2.8186;4.702;2.8698;-1.7196;1.117;1.9332;6.8462;1
140;7.8186;0.99832;6.8698;0.56607;-0.33755;-1.1437;7.2125;1
141;1.5686;7.665;0.46976;-0.57678;-1.0648;1.3178;7.5979;1
142;6.5686;4.3317;8.4698;1.7089;1.8443;0.087042;5.9788;1
143;4.0686;3.2205;4.4698;-1.1482;0.38973;-1.4514;7.8345;1
144;9.0686;9.8872;2.4698;1.1375;-1.4285;1.0101;8.2481;1
145;0.9436;6.5539;6.4698;-0.0053549;1.4806;-0.22065;5.5557;1
146;5.9436;2.1094;1.2698;-1.9929;0.026091;-0.83604;8.3358;1
147;3.4436;8.7761;9.2698;0.29285;-0.70118;1.6255;6.9995;1
148;8.4436;5.4428;5.2698;-0.85;0.75336;0.39473;7.0837;1
149;2.1936;0.62795;3.2698;1.4357;-1.9574;-1.8538;9.843;1
150;7.1936;7.2946;7.2698;-1.4214;0.95171;0.60775;7.5792;1
151;4.6936;3.9613;0.38976;0.86428;-0.50283;-0.62302;4.9879;1
152;9.6936;2.8502;8.3898;-0.27857;-1.2301;1.8385;7.522;1
153;0.16235;9.5168;4.3898;-1.6663;1.679;-1.2384;7.3932;1
154;5.1624;6.1835;2.3898;0.61938;0.22444;1.2231;5.2263;1
155;2.6624;1.7391;6.3898;-0.52347;-1.5937;-0.0076328;6.8059;1
156;7.6624;8.4057;1.9898;1.7622;1.3153;-1.5461;5.9796;1
157;1.4124;5.0724;9.9898;-1.0949;-0.1392;0.91544;6.4351;1
158;6.4124;0.13413;5.9898;1.1908;-0.86647;-0.31533;5.6963;1
159;3.9124;6.8008;3.9898;0.047956;0.58807;-0.93071;6.1217;1
160;8.9124;3.4675;7.9898;-1.8296;-1.6929;1.5308;10.109;1
161;0.78735;2.3563;1.1898;0.45612;1.2162;0.30006;3.0431;-2
162;5.7874;9.023;9.1898;-0.68674;-0.23837;-1.9721;12.455;1
163;3.2874;5.6897;5.1898;1.599;-0.96564;0.48941;6.3547;1
164;8.2874;1.2452;3.1898;-1.2582;1.9434;-0.74136;8.5673;1
165;2.0374;7.9119;7.1898;1.0275;0.4889;1.7202;5.5913;1
166;7.0374;4.5786;0.78976;-0.11531;-1.3293;-1.3567;7.8448;1
167;4.5374;0.87487;8.7898;-1.5031;1.5798;1.1048;7.2892;1
168;9.5374;7.5415;4.7898;0.78265;0.12526;-0.12598;6.7407;1
169;0.47485;4.2082;2.7898;-0.36021;-0.60201;-1.6644;6.7495;1
170;5.4749;3.0971;6.7898;1.9255;0.85254;0.7971;5.0291;1
171;2.9749;9.7638;1.5898;-0.93164;-1.8251;-0.43367;9.3973;1
172;7.9749;6.4304;9.5898;1.3541;1.0839;-1.0491;7.6656;1
173;1.7249;1.986;5.5898;0.21122;-0.3706;1.4125;4.2195;1
174;6.7249;8.6526;3.5898;-1.9112;-1.0979;0.18172;9.5516;1
175;4.2249;5.3193;7.5898;0.37449;1.8112;-1.7828;8.2174;1
176;9.2249;0.5045;0.22976;-0.76837;0.35667;0.67876;7.106;1
177;1.0999;7.1712;8.2298;1.5173;-1.4615;-0.55201;9.479;1
178;6.0999;3.8378;4.2298;-1.3398;1.4476;1.9095;7.39;1
179;3.5999;2.7267;2.2298;0.94592;-0.0069667;-1.1674;4.9979;1
180;8.5999;9.3934;6.2298;-0.19694;-0.73424;1.2941;7.9318;1
181;2.3499;6.0601;1.8298;-1.5847;0.72031;0.063373;5.8637;1
182;7.3499;1.6156;9.8298;0.70102;-1.8913;-1.4751;10.165;1
183;4.8499;8.2823;5.8298;-0.44184;1.0178;0.98645;5.9777;1
184;9.8499;4.9489;3.8298;1.8439;-0.43672;-0.24432;6.0902;1
185;0.084229;0.092974;7.8298;-1.0133;-1.164;-0.8597;7.2466;1
186;5.0842;6.7596;1.0298;1.2724;1.7451;1.6018;4.8607;1
187;2.5842;3.4263;9.0298;0.12959;0.29055;0.37107;5.9137;1
188;7.5842;2.3152;5.0298;-1.748;-1.5276;-1.8775;13.262;1
189;1.3342;8.9819;3.0298;0.53775;1.3815;0.58408;5.1678;1
190;6.3342;5.6485;7.0298;-0.60511;-0.073082;-0.64669;7.6191;1
191;3.8342;1.2041;0.62976;1.6806;-0.80036;1.8149;6.7169;1
192;8.8342;7.8708;8.6298;-1.1765;0.65419;-1.2621;10.162;1
193;0.70923;4.5374;4.6298;1.1092;-1.759;1.1995;7.1272;1
194;5.7092;0.83371;2.6298;-0.033676;1.1501;-0.031301;5.246;1
195;3.2092;7.5004;6.6298;-1.9462;-0.30449;-1.5698;11.133;1
196;8.2092;4.167;1.4298;0.3395;-1.0318;0.89178;6.5323;1
197;1.9592;3.0559;9.4298;-0.80336;1.8773;-0.33899;7.156;1
198;6.9592;9.7226;5.4298;1.4824;0.42279;-0.95438;7.0408;1
199;4.4592;6.3893;3.4298;-1.3748;-1.3954;1.5072;9.1075;1
200;9.4592;1.9448;7.4298;0.91093;1.5137;0.27639;6.3112;1
201;0.39673;8.6115;0.14976;-0.23193;0.059149;-1.9248;6.7166;1
202;5.3967;5.2782;8.1498;-1.6197;-0.66812;0.53675;8.0548;1
203;2.8967;0.46334;4.1498;0.66603;0.78642;-0.69402;5.0682;1
204;7.8967;7.13;2.1498;-0.47683;-1.9784;1.7675;10.04;1
205;1.6467;3.7967;6.1498;1.8089;0.93067;-1.3094;7.3352;1
206;6.6467;2.6856;1.7498;-1.0483;-0.52387;1.1521;6.9678;1
207;4.1467;9.3522;9.7498;1.2375;-1.2511;-0.078639;8.6392;1
208;9.1467;6.0189;5.7498;0.094603;1.6579;-1.6171;7.9241;1
209;1.0217;1.5745;3.7498;-1.7829;0.2034;0.84444;5.2179;1
210;6.0217;8.2411;7.7498;0.50277;-1.6148;-0.38633;8.8061;1
211;3.5217;4.9078;0.94976;-0.64009;1.2943;-1.0017;5.2769;1
212;8.5217;0.33989;8.9498;1.6456;-0.16023;1.4598;5.5034;1
213;2.2717;7.0066;4.9498;-1.2115;-0.88751;0.22905;7.4547;1
214;7.2717;3.6732;2.9498;1.0742;0.56704;-1.7354;6.42;1
215;4.7717;2.5621;6.9498;-0.068662;-1.714;0.7261;6.6703;1
216;9.7717;9.2288;0.54976;-1.4564;1.1951;-0.50467;8.2644;1
217;0.24048;5.8954;8.5498;0.8293;-0.25941;1.9569;5.6883;1
218;5.2405;1.451;4.5498;-0.31356;-0.98668;-1.1201;7.2761;1
219;2.7405;8.1177;2.5498;1.9722;1.9224;1.3415;7.3642;1
220;7.7405;4.7843;6.5498;-0.88499;0.46786;0.11071;7.2543;1
221;1.4905;1.0806;1.3498;1.4007;-1.3503;-1.4278;6.5934;1
222;6.4905;7.7473;9.3498;0.25787;1.5588;1.0338;6.2537;1
223;3.9905;4.414;5.3498;-1.8646;0.10423;-0.19698;7.8431;1
224;8.9905;3.3029;3.3498;0.42113;-0.62304;-0.81237;6.7013;1
225;0.86548;9.9695;7.3498;-0.72172;0.8315;1.6492;6.0728;1
226;5.8655;6.6362;0.30976;1.564;-1.8462;0.4184;7.8596;1
227;3.3655;2.1917;8.3098;-1.2932;1.0629;-1.8301;9.0905;1
228;8.3655;8.8584;4.3098;0.99256;-0.39164;0.63142;6.8269;1
229;2.1155;5.5251;2.3098;-0.15029;-1.1189;-0.59935;6.7577;1
230;7.1155;0.71026;6.3098;-1.538;1.7902;1.8622;8.2929;1
231;4.6155;7.3769;1.9098;0.74766;0.33563;-1.2147;5.9777;1
232;9.6155;4.0436;9.9098;-0.39519;-1.4825;1.2468;8.0479;1
233;0.55298;2.9325;5.9098;1.8905;1.4265;0.016036;5.9741;1
234;5.553;9.5991;3.9098;-0.96662;-0.028004;-1.5224;8.4606;1
235;3.053;6.2658;7.9098;1.3191;-0.75528;0.93911;6.4821;1
236;8.053;1.8214;1.1098;0.17624;0.69927;-0.29166;5.6017;1
237;1.803;8.488;9.1098;-1.7013;-1.9123;-0.90704;15.015;1
238;6.803;5.1547;5.1098;0.5844;0.99679;1.5545;5.6888;1
239;4.303;0.21643;3.1098;-0.55846;-0.45776;0.32373;5.0849;1
240;9.303;6.8831;7.1098;1.7273;-1.185;-1.9812;9.6008;1
241;1.178;3.5498;0.70976;-1.1299;1.7241;0.48031;4.6893;1
242;6.178;2.4387;8.7098;1.1558;0.26952;-0.75046;6.8602;1
243;3.678;9.1053;4.7098;0.012971;-1.5487;1.7111;8.2505;1
244;8.678;5.772;2.7098;-1.9695;1.3604;-1.3658;10.017;1
245;2.428;1.3275;6.7098;0.31618;-0.094119;1.0957;4.624;1
246;7.428;7.9942;1.5098;-0.82668;-0.82139;-0.13508;8.1083;1
247;4.928;4.6609;9.5098;1.459;0.63315;-1.6735;8.3883;1
248;9.928;0.95717;5.5098;-1.3981;-1.6478;0.788;9.3775;1
249;0.045166;7.6238;3.5098;0.88761;1.2613;-0.44277;5.2696;1
250;5.0452;4.2905;7.5098;-0.25525;-0.19329;-1.0582;7.6251;1
251;2.5452;3.1794;0.03776;-1.643;-0.92057;1.4034;7.3194;1
252;7.5452;9.8461;8.0378;0.64271;1.9885;0.17261;6.5268;1
253;1.2952;6.5127;4.0378;-0.50015;0.53398;-1.7919;7.1141;1
254;6.2952;2.0683;2.0378;1.7856;-1.2842;0.66965;4.937;1
255;3.7952;8.7349;6.0378;-1.0716;1.6249;-0.56111;6.9487;1
256;8.7952;5.4016;1.6378;1.2141;0.17034;1.9004;5.8574;1
257;0.67017;0.5868;9.6378;0.07128;-0.55693;-1.1765;7.8046;1
258;5.6702;7.2535;5.6378;-1.8063;0.89762;1.285;7.5431;1
259;3.1702;3.9201;3.6378;0.47944;-1.7801;0.05427;6.8015;1
260;8.1702;2.809;7.6378;-0.66341;1.129;-1.4842;9.3949;1
261;1.9202;9.4757;0.83776;1.6223;-0.32552;0.97735;6.9173;1
262;6.9202;6.1424;8.8378;-1.2348;-1.0528;-0.25342;8.9217;1
263;4.4202;1.6979;4.8378;1.0509;1.8563;-0.86881;6.2308;1
264;9.4202;8.3646;2.8378;-0.091985;0.40175;1.5927;7.0624;1
265;0.35767;5.0312;6.8378;-1.4797;-1.4164;0.36196;7.5197;1
266;5.3577;0.051821;0.43776;0.80597;1.4927;-1.8866;6.2507;1
267;2.8577;6.7185;8.4378;-0.33688;0.038112;0.57498;6.3803;1
268;7.8577;3.3852;4.4378;1.9488;-0.68916;-0.65579;6.4053;1
269;1.6077;2.274;2.4378;-0.90831;0.76538;1.8057;4.5309;1
270;6.6077;8.9407;6.4378;1.3774;-1.9454;-1.2712;10.516;1
271;4.1077;5.6074;1.2378;0.23455;0.96373;1.1904;4.6271;1
272;9.1077;1.1629;9.2378;-1.8879;-0.49081;-0.040405;9.7427;1
273;0.98267;7.8296;5.2378;0.39781;-1.2181;-1.5789;8.9739;1
274;5.9827;4.4963;3.2378;-0.74505;1.691;0.88267;5.9672;1
275;3.4827;0.79256;7.2378;1.5407;0.23646;-0.3481;5.8465;1
276;8.4827;7.4592;0.35776;-1.3165;-1.5817;-0.96348;9.8385;1
277;2.2327;4.1259;8.3578;0.96924;1.3274;1.4981;4.8279;1
278;7.2327;3.0148;4.3578;-0.17362;-0.12718;0.26729;6.0686;1
279;4.7327;9.6815;2.3578;-1.5614;-0.85445;-1.6972;9.4806;1
280;9.7327;6.3481;6.3578;0.72434;0.6001;0.76433;8.5349;1
281;0.20142;1.9037;1.9578;-0.41852;-1.6809;-0.46644;6.1474;1
282;5.2014;8.5703;9.9578;1.8672;1.2282;1.9951;5.8216;1
283;2.7014;5.237;5.9578;-0.98994;-0.22635;-1.0818;7.9015;1
284;7.7014;0.42219;3.9578;1.2958;-0.95362;1.3797;4.9344;1
285;1.4514;7.0889;7.9578;0.15291;1.9555;0.14894;5.7792;1
286;6.4514;3.7555;1.1578;-1.7246;0.50092;-1.3895;8.4917;2
287;3.9514;2.6444;9.1578;0.56108;-1.3173;1.072;6.2391;1
288;8.9514;9.3111;5.1578;-0.58178;1.5918;-0.15875;7.2504;1
289;0.82642;5.9777;3.1578;1.7039;0.13729;-0.77413;6.1808;1
290;5.8264;1.5333;7.1578;-1.1532;-0.58999;1.6874;6.7011;1
291;3.3264;8.2;0.75776;1.1325;0.86456;0.45664;5.4357;1
292;8.3264;4.8666;8.7578;-0.010353;-1.8131;-1.9339;10.78;1
293;2.0764;0.29873;4.7578;-1.9229;1.096;0.52764;6.5098;1
294;7.0764;6.9654;2.7578;0.36283;-0.35858;-0.70313;6.743;1
295;4.5764;3.6321;6.7578;-0.78003;-1.0859;1.7584;6.6759;1
296;9.5764;2.521;1.5578;1.5057;1.8232;-1.3185;5.8991;1
297;0.51392;9.1876;9.5578;-1.3515;0.36869;1.143;6.8968;1
298;5.5139;5.8543;5.5578;0.93425;-1.4495;-0.087742;7.2655;1
299;3.0139;1.4098;3.5578;-0.2086;1.4596;-1.6262;7.2299;1
300;8.0139;8.0765;7.5578;-1.5964;0.0050543;0.83533;8.4248;1
301;1.7639;4.7432;0.19776;0.68936;-0.72222;-0.39543;5.3292;1
302;6.7639;1.0395;8.1978;-0.4535;0.73233;-1.0108;7.9352;1
303;4.2639;7.7061;4.1978;1.8322;-1.8792;1.4507;8.5875;1
304;9.2639;4.3728;2.1978;-1.0249;1.0298;0.21995;7.3885;1
305;1.1389;3.2617;6.1978;1.2608;-0.4247;-1.7445;8.5591;1
306;6.1389;9.9284;1.7978;0.11793;-1.152;0.71699;8.0831;1
307;3.6389;6.595;9.7978;-1.7596;1.7571;-0.51378;8.4213;1
308;8.6389;2.1506;5.7978;0.52609;0.30257;1.9478;5.643;1
309;2.3889;8.8173;3.7978;-0.61677;-1.5156;-1.1292;9.0726;1
310;7.3889;5.4839;7.7978;1.6689;1.3935;1.3324;5.4895;1
311;4.8889;0.66911;0.99776;-1.1882;-0.061061;0.10161;6.1225;1
312;9.8889;7.3358;8.9978;1.0975;-0.78833;-1.4369;8.9653;1
313;0.12329;4.0024;4.9978;-0.045338;0.66621;1.0247;4.2693;1
314;5.1233;2.8913;2.9978;-1.4331;-1.747;-0.20609;8.1529;1
315;2.6233;9.558;6.9978;0.85262;1.1621;-0.82147;6.7728;1
316;7.6233;6.2247;0.59776;-0.29024;-0.29247;1.6401;7.1806;1
317;1.3733;1.7802;8.5978;1.9955;-1.0197;0.4093;6.74;1
318;6.3733;8.4469;4.5978;-0.86166;1.8894;-1.8392;8.3699;1
319;3.8733;5.1135;2.5978;1.424;0.43481;0.62232;4.4649;1
320;8.8733;0.17528;6.5978;0.28119;-1.3834;-0.60845;7.2584;1
321;0.74829;6.8419;1.3978;-1.8413;1.5257;1.8531;7.0639;1
322;5.7483;3.5086;9.3978;0.44446;0.07117;-1.2238;7.9341;1
323;3.2483;2.3975;5.3978;-0.6984;-0.6561;1.2377;5.3421;1
324;8.2483;9.0642;3.3978;1.5873;0.79844;0.0069325;6.0433;1
325;1.9983;5.7308;7.3978;-1.2698;-1.9973;-1.5315;13.013;1
326;6.9983;1.2864;0.11776;1.0159;0.91182;0.93001;4.6716;1
327;4.4983;7.9531;8.1178;-0.12697;-0.54272;-0.30076;7.6828;1
328;9.4983;4.6197;4.1178;-1.5147;-1.27;-0.91614;13.666;1
329;0.43579;0.91602;2.1178;0.77099;1.6391;1.5454;11.213;1
330;5.4358;7.5827;6.1178;-0.37187;0.18455;0.31462;6.6119;1
331;2.9358;4.2494;1.7178;1.9138;-1.6336;-1.9576;9.6173;1
332;7.9358;3.1382;9.7178;-0.9433;1.2755;0.50397;7.5532;1
333;1.6858;9.8049;5.7178;1.3424;-0.17909;-0.7268;7.5922;1
334;6.6858;6.4716;3.7178;0.19956;-0.90636;1.7347;6.9308;1
335;4.1858;2.0271;7.7178;-1.678;0.54819;-1.3422;8.8228;1
336;9.1858;8.6938;0.91776;0.60772;-1.7328;1.1194;8.7989;1
337;1.0608;5.3605;8.9178;-0.53513;1.1763;-0.11141;6.2978;1
338;6.0608;0.54565;4.9178;1.7506;-0.27826;-1.6499;6.9209;1
339;3.5608;7.2123;2.9178;-1.1066;-1.0055;0.81167;7.5822;1
340;8.5608;3.879;6.9178;1.1792;1.9036;-0.4191;6.3856;1
341;2.3108;2.7679;0.51776;0.036294;0.44901;-1.0345;4.0136;1
342;7.3108;9.4345;8.5178;-1.9812;-1.3692;1.4271;11.001;1
343;4.8108;6.1012;4.5178;0.30452;1.5399;0.19628;5.1737;1
344;9.8108;1.6568;2.5178;-0.83834;0.085377;-1.7682;8.3572;1
345;0.27954;8.3234;6.5178;1.4474;-0.6419;0.69332;7.1303;1
346;5.2795;4.9901;1.3178;-1.4098;0.81265;-0.53745;6.8855;1
347;2.7795;0.038104;9.3178;0.87594;-1.865;1.9241;5.9283;1
348;7.7795;6.7048;5.3178;-0.26691;1.0441;-1.1528;7.3655;1
349;1.5295;3.3714;3.3178;-1.6547;-0.41049;1.3087;6.0216;1
350;6.5295;2.2603;7.3178;0.63105;-1.1378;0.077938;6.4454;1
351;4.0295;8.927;0.27776;-0.51181;1.7713;-1.4605;5.8446;1
352;9.0295;5.5937;8.2778;1.7739;0.31678;1.001;6.3091;1
353;0.90454;1.1492;4.2778;-1.0832;-1.5014;-0.22975;6.2853;1
354;5.9045;7.8159;2.2778;1.2025;1.4077;-0.84514;5.3778;1
355;3.4045;4.4825;6.2778;0.059618;-0.046855;1.6164;5.0621;1
356;8.4045;0.77884;1.8778;-1.8179;-0.77413;0.38563;8.592;1
357;2.1545;7.4455;9.8778;0.46778;0.68042;-1.8629;9.2196;1
358;7.1545;4.1122;5.8778;-0.67508;-1.9312;0.59865;8.6419;1
359;4.6545;3.0011;3.8778;1.6106;0.97794;-0.63212;4.8278;1
360;9.6545;9.6677;7.8778;-1.2465;-0.47661;1.8294;8.925;1
361;0.59204;6.3344;1.0778;1.0392;-1.2039;-1.2475;7.6458;1
362;5.592;1.89;9.0778;-0.10365;1.7052;1.214;5.9917;1
363;3.092;8.5566;5.0778;-1.4914;0.25067;-0.016736;7.1509;1
364;8.092;5.2233;3.0778;0.79431;-1.5675;-1.5552;8.2881;1
365;1.842;0.40847;7.0778;-0.34855;1.3416;0.90634;5.1414;2
366;6.842;7.0751;0.67776;1.9372;-0.11297;-0.32443;5.6495;1
367;4.342;3.7418;8.6778;-0.91997;-0.84024;-0.93981;8.4231;1
368;9.342;2.6307;4.6778;1.3657;0.6143;1.5217;5.282;1
369;1.217;9.2974;2.6778;0.22288;-1.6667;0.29096;8.4303;1
370;6.217;5.964;6.6778;-1.8996;1.2424;-1.9102;10.311;1
371;3.717;1.5196;1.4778;0.38615;-0.21214;0.55131;3.8179;1
372;8.717;8.1863;9.4778;-0.75671;-0.93942;-0.67946;9.522;1
373;2.467;4.8529;5.4778;1.529;1.9697;1.7821;4.0324;1
374;7.467;0.28502;3.4778;-1.3281;0.51513;-1.2948;8.3632;1
375;4.967;6.9517;7.4778;0.95758;-1.3031;1.1667;7.0808;1
376;9.967;3.6184;0.02176;-0.18528;1.606;-0.064073;6.61;1
377;0.025635;2.5072;8.0218;-1.573;0.15149;-1.6025;8.6606;1
378;5.0256;9.1739;4.0218;0.71268;-0.57578;0.859;6.8122;1
379;2.5256;5.8406;2.0218;-0.43018;0.87877;-0.37177;4.8945;1
380;7.5256;1.3961;6.0218;1.8555;-1.7989;-0.98715;7.7972;1
381;1.2756;8.0628;1.6218;-1.0016;1.1102;1.4744;5.3716;1
382;6.2756;4.7295;9.6218;1.2841;-0.34438;0.24362;6.6061;1
383;3.7756;1.0258;5.6218;0.14125;-1.0716;-1.7209;8.1231;1
384;8.7756;7.6924;3.6218;-1.7363;1.8374;0.74066;8.3789;1
385;0.65063;4.3591;7.6218;0.54941;0.3829;-0.49011;6.282;1
386;5.6506;3.248;0.82176;-0.59344;-1.4353;1.9714;8.673;1
387;3.1506;9.9146;8.8218;1.6923;1.4738;-1.1055;8.1942;1
388;8.1506;6.5813;4.8218;-1.1649;0.019261;1.356;7.6446;1
389;1.9006;2.1369;2.8218;1.1208;-0.70801;0.12528;4.3377;1
390;6.9006;8.8035;6.8218;-0.022015;0.74653;-1.4132;7.9316;2
391;4.4006;5.4702;0.42176;-1.9346;-1.9642;1.0484;11.294;1
392;9.4006;0.65539;8.4218;0.35116;0.94488;-0.18242;7.0888;1
393;0.33813;7.3221;4.4218;-0.79169;-0.50966;-0.7978;7.1247;1
394;5.3381;3.9887;2.4218;1.494;-1.2369;1.6637;6.352;1
395;2.8381;2.8776;6.4218;-1.3631;1.6722;0.43297;6.323;1
396;7.8381;9.5443;1.2218;0.92259;0.21761;-1.8156;7.2881;1
397;1.5881;6.2109;9.2218;-0.22027;-1.6006;0.64599;7.6713;1
398;6.5881;1.7665;5.2218;-1.608;1.3085;-0.58478;9.5987;1
399;4.0881;8.4332;3.2218;0.67769;-0.14603;1.8768;6.4027;1
400;9.0881;5.0998;7.2218;-0.46516;-0.8733;-1.2002;9.5854;1
401;0.96313;0.16156;0.34176;1.8206;0.58124;1.2614;4.8695;1
402;5.9631;6.8282;8.3418;-1.0366;-1.6997;0.030601;10.586;1
403;3.4631;3.4949;4.3418;1.2491;1.2093;-1.5079;6.4334;1
404;8.4631;2.3838;2.3418;0.10627;-0.2452;0.95368;5.9326;1
405;2.2131;9.0504;6.3418;-1.7713;-0.97247;-0.27709;8.7507;1
406;7.2131;5.7171;1.9418;0.51443;1.9366;-0.89248;5.5374;1
407;4.7131;1.2727;9.9418;-0.62843;0.48207;1.5691;5.938;1
408;9.7131;7.9393;5.9418;1.6573;-1.3361;0.33829;7.7733;1
409;0.18188;4.606;3.9418;-1.1999;1.573;-1.9885;7.7121;1
410;5.1819;0.9023;7.9418;1.0859;0.11843;0.47302;5.4501;1
411;2.6819;7.569;1.1418;-0.057;-0.60884;-0.75775;6.6433;1
412;7.6819;4.2356;9.1418;-1.4448;0.84571;1.7038;7.6018;1
413;1.4319;3.1245;5.1418;0.84096;-1.832;-1.3731;8.6366;1
414;6.4319;9.7912;3.1418;-0.3019;1.0771;1.0884;6.3143;1
415;3.9319;6.4579;7.1418;1.9838;-0.37743;-0.14236;6.8997;1
416;8.9319;2.0134;0.74176;-0.87333;-1.1047;-1.6808;8.285;1
417;0.80688;8.6801;8.7418;1.4124;1.8044;0.78071;5.9775;1
418;5.8069;5.3467;4.7418;0.26953;0.34984;-0.45005;6.0024;1
419;3.3069;0.53193;2.7418;-1.8529;-1.4683;-1.0654;9.2914;1
420;8.3069;7.1986;6.7418;0.4328;1.4407;1.3961;5.9482;1
421;2.0569;3.8653;1.5418;-0.71006;-0.013797;0.16533;4.7561;1
422;7.0569;2.7542;9.5418;1.5757;-0.74107;-1.7992;9.2373;1
423;4.5569;9.4208;5.5418;-1.2815;0.71348;0.66237;6.9326;1
424;9.5569;6.0875;3.5418;1.0042;-1.8981;-0.5684;8.2161;1
425;0.49438;1.643;7.5418;-0.13863;1.011;1.8931;4.2802;1
426;5.4944;8.3097;0.18176;-1.5264;-0.44355;-1.1838;8.3744;1
427;2.9944;4.9764;8.1818;0.75933;-1.1708;1.2778;6.3905;1
428;7.9944;0.12041;4.1818;-0.38353;1.7383;0.046987;7.0004;1
429;1.7444;6.7871;2.1818;1.9022;0.28372;-1.4915;6.8598;1
430;6.7444;3.4537;6.1818;-0.95496;-1.5345;0.97006;7.7432;1
431;4.2444;2.3426;1.7818;1.3308;1.3746;-0.26071;3.7961;1
432;9.2444;9.0093;9.7818;0.1879;-0.079913;-0.87609;8.6551;1
433;1.1194;5.676;5.7818;-1.6897;-0.80719;1.5854;7.0174;1
434;6.1194;1.2315;3.7818;0.59606;0.64736;0.35468;4.8139;1
435;3.6194;7.8982;7.7818;-0.5468;-1.7659;-1.8938;12.469;1
436;8.6194;4.5649;0.98176;1.7389;1.1432;0.5677;4.8579;1
437;2.3694;0.86115;8.9818;-1.1182;-0.31132;-0.66307;7.5023;1
438;7.3694;7.5278;4.9818;1.1675;-1.0386;1.7985;7.4651;1
439;4.8694;4.1945;2.9818;0.024633;1.8705;-1.2785;6.1799;1
440;9.8694;3.0834;6.9818;-1.9579;0.41596;1.1831;9.2276;1
441;0.10376;9.75;0.58176;0.32784;-1.4022;-0.047687;8.1381;1
442;5.1038;6.4167;8.5818;-0.81502;1.5069;-1.5861;8.991;1
443;2.6038;1.9723;4.5818;1.4707;0.052319;0.87539;4.1996;1
444;7.6038;8.6389;2.5818;-1.3864;-0.67495;-0.35538;8.876;1
445;1.3538;5.3056;6.5818;0.89927;0.77959;-0.97076;6.4905;1
446;6.3538;0.49078;1.3818;-0.24359;-1.9732;1.4908;7.0944;1
447;3.8538;7.1574;9.3818;-1.6313;0.93587;0.26;7.4512;1
448;8.8538;3.8241;5.3818;0.65437;-0.51868;-1.7045;7.8423;1
449;0.72876;2.713;3.3818;-0.48849;-1.246;0.75705;5.2411;1
450;5.7288;9.3797;7.3818;1.7972;1.6631;-0.47372;6.4107;1
451;3.2288;6.0463;0.10176;-1.0599;0.20859;1.9878;6.9636;1
452;8.2288;1.6019;8.1018;1.2258;-1.6096;-1.0891;7.9904;1
453;1.9788;8.2686;4.1018;0.082942;1.2995;1.3724;5.1048;1
454;6.9788;4.9352;2.1018;-1.7946;-0.15504;0.14166;8.1304;1
455;4.4788;0.36732;6.1018;0.4911;-0.88232;-1.3968;7.1212;1
456;9.4788;7.034;1.7018;-0.65175;0.57223;1.0647;7.267;1
457;0.41626;3.7007;9.7018;1.634;-1.7088;-0.16603;8.6804;1
458;5.4163;2.5895;5.7018;-1.2232;1.2003;-0.78142;7.7957;1
459;2.9163;9.2562;3.7018;1.0625;-0.25422;1.6801;6.6078;1
460;7.9163;5.9229;7.7018;-0.080324;-0.98149;0.44935;7.5407;1
461;1.6663;1.4784;0.90176;-1.4681;1.9276;-1.9412;8.7926;1
462;6.6663;8.1451;8.9018;0.81764;0.47306;0.52036;6.6297;1
463;4.1663;4.8118;4.9018;-0.32522;-1.3451;-0.71041;7.5787;1
464;9.1663;1.1081;2.9018;1.9605;1.564;1.7511;5.4725;1
465;1.0413;7.7747;6.9018;-0.89665;0.10942;-1.3258;7.8576;1
466;6.0413;4.4414;0.50176;1.3891;-0.61785;1.1357;5.4956;1
467;3.5413;3.3303;8.5018;0.24621;0.83669;-0.095025;6.1021;1
468;8.5413;9.997;4.5018;-1.8762;-1.841;-1.6335;16.041;1
469;2.2913;6.6636;2.5018;0.40947;1.0681;0.82805;4.6082;1
470;7.2913;2.2192;6.5018;-0.73338;-0.38645;-0.40272;7.4169;1
471;4.7913;8.8858;1.3018;1.5523;-1.1137;-1.0181;7.7755;1
472;9.7913;5.5525;9.3018;-1.3048;1.7954;1.4434;8.6066;1
473;0.26001;0.73769;5.3018;0.9809;0.34082;0.21267;4.5992;1
474;5.26;7.4044;3.3018;-0.16196;-1.4774;-1.7518;8.9818;1
475;2.76;4.071;7.3018;-1.5497;1.4317;0.70971;6.3607;1
476;7.76;2.9599;0.26176;0.736;-0.022813;-0.52106;5.2634;1
477;1.51;9.6266;8.2618;-0.40685;-0.75009;1.9405;7.3575;1
478;6.51;6.2932;4.2618;1.8789;0.70446;-1.1364;6.0849;1
479;4.01;1.8488;2.2618;-0.97828;-1.9071;1.3251;8.1086;1
480;9.01;8.5155;6.2618;1.3074;1.002;0.094324;6.3664;1
481;0.88501;5.1821;1.8618;0.16457;-0.45256;-1.4441;6.2638;1
482;5.885;0.24387;9.8618;-1.713;-1.1798;1.0174;7.8813;1
483;3.385;6.9105;5.8618;0.57274;1.7293;-0.21337;5.4613;1
484;8.385;3.5772;3.8618;-0.57012;0.27471;-0.82875;7.2569;1
485;2.135;2.4661;7.8618;1.7156;-1.5435;1.6328;6.1359;1
486;7.135;9.1328;1.0618;-1.1415;1.3656;0.40202;6.9974;1
487;4.635;5.7994;9.0618;1.1442;-0.088928;-1.8465;9.6028;1
488;9.635;1.355;5.0618;0.001309;-0.8162;0.61503;6.6183;1
489;0.57251;8.0216;3.0618;-1.9962;0.63834;-0.61573;6.849;1
490;5.5725;4.6883;7.0618;0.28952;-1.6426;1.8458;7.4378;1
491;3.0725;0.98461;0.66176;-0.85333;1.2664;-1.2311;5.9551;1
492;8.0725;7.6513;8.6618;1.4324;-0.1881;1.2304;6.5616;1
493;1.8225;4.3179;4.6618;-1.4248;-0.91537;-0.00035013;6.8883;1
494;6.8225;3.2068;2.6618;0.86095;1.9937;-1.5388;6.8109;1
495;4.3225;9.8735;6.6618;-0.28191;0.53917;0.92273;6.5059;1
496;9.3225;6.5402;1.4618;-1.6697;-1.279;-0.30804;13.018;1
497;1.1975;2.0957;9.4618;0.61605;1.6301;-0.92343;7.5986;1
498;6.1975;8.7624;5.4618;-0.5268;0.17553;1.5381;6.815;2
499;3.6975;5.4291;3.4618;1.7589;-0.55174;0.30734;5.6784;1
500;8.6975;0.61424;7.4618;-1.0982;0.90281;-1.9648;13.556;2
501;2.4475;7.2809;0.05376;1.1875;-1.7749;0.49669;8.7721;1
502;7.4475;3.9476;8.0538;0.044624;1.1342;-0.73408;7.2517;1
503;4.9475;2.8365;4.0538;-1.8329;-0.32033;1.7275;7.6549;1
504;9.9475;9.5031;2.0538;0.45279;-1.0476;-1.3495;8.6635;1
505;0.064697;6.1698;6.0538;-0.69007;1.8615;1.1121;4.9288;1
506;5.0647;1.7253;1.6538;1.5956;0.40694;-0.11869;3.8789;1
507;2.5647;8.392;9.6538;-1.2615;-1.4112;-1.6572;14.189;1
508;7.5647;5.0587;5.6538;1.0242;1.4978;0.80438;5.4359;1
509;1.3147;0.079256;3.6538;-0.11864;0.043303;-0.42639;4.4608;1
510;6.3147;6.7459;7.6538;-1.5064;-0.68397;-1.0418;9.4688;1
511;3.8147;3.4126;0.85376;0.77932;0.77058;1.4198;3.9687;1
512;8.8147;2.3015;8.8538;-0.36354;-1.9402;0.189;8.3201;1
513;0.6897;8.9681;4.8538;1.9222;0.96892;-1.7755;8.1632;1
514;5.6897;5.6348;2.8538;-0.93497;-0.48562;0.68604;6.9627;1
515;3.1897;1.1904;6.8538;1.3507;-1.2129;-0.54473;6.5319;1
516;8.1897;7.857;0.45376;0.20789;1.6962;1.9168;6.4248;1
517;1.9397;4.5237;8.4538;-1.9146;0.24165;-1.1601;8.6744;1
518;6.9397;0.82;4.4538;0.37115;-1.5765;1.3014;5.9249;1
519;4.4397;7.4867;2.4538;-0.7717;1.3326;0.070656;5.6858;1
520;9.4397;4.1533;6.4538;1.514;-0.12199;-1.4678;7.5019;1
521;0.3772;3.0422;1.2538;-1.3431;-0.84926;0.99373;5.727;1
522;5.3772;9.7089;9.2538;0.94258;0.60529;-0.23704;7.1729;1
523;2.8772;6.3756;5.2538;-0.20027;-1.6757;-0.85242;10.183;1
524;7.8772;1.9311;3.2538;-1.588;1.2334;1.6091;8.1783;1
525;1.6272;8.5978;7.2538;0.69769;-0.22116;0.37835;6.6826;1
526;6.6272;5.2644;0.37376;-0.44517;-0.94843;-1.8702;8.6933;1
527;4.1272;0.44963;8.3738;1.8405;1.9607;0.59137;6.5227;1
528;9.1272;7.1163;4.3738;-1.0166;0.50611;-0.6394;8.0743;1
529;1.0022;3.783;2.3738;1.2691;-1.3121;1.8221;6.7922;1
530;6.0022;2.6718;6.3738;0.12626;1.597;-1.2548;7.3066;1
531;3.5022;9.3385;1.9738;-1.7513;0.14248;1.2068;7.5832;1
532;8.5022;6.0052;9.9738;0.53442;-0.5848;-0.024019;7.6359;1
533;2.2522;1.5607;5.9738;-0.60844;0.86975;-1.5625;7.6133;1
534;7.2522;8.2274;3.9738;1.6773;-1.8079;0.89906;8.3077;1
535;4.7522;4.8941;7.9738;-1.1799;1.1012;-0.33171;7.2902;1
536;9.7522;0.32617;1.1738;1.1058;-0.35339;-0.9471;5.6436;1
537;0.22095;6.9928;9.1738;-0.037008;-1.0807;1.5144;6.8394;2
538;5.2209;3.6595;5.1738;-1.9495;1.8284;0.28367;7.9554;1
539;2.7209;2.5484;3.1738;0.33617;0.37388;-1.9175;6.8466;1
540;7.7209;9.2151;7.1738;-0.80669;-1.4443;0.54403;9.8759;1
541;1.4709;5.8817;0.77376;1.479;1.4648;-0.68674;4.717;1
542;6.4709;1.4373;8.7738;-1.3781;0.010245;1.7748;7.0889;1
543;3.9709;8.1039;4.7738;0.9076;-0.71703;-1.3021;7.8466;1
544;8.9709;4.7706;2.7738;-0.23526;0.73752;1.1594;6.3839;1
545;0.84595;1.0669;6.7738;-1.623;-1.8741;-0.071356;7.5237;1
546;5.8459;7.7336;1.5738;0.6627;1.035;-1.6098;6.3198;1
547;3.3459;4.4002;9.5738;-0.48016;-0.41951;0.85172;6.4058;1
548;8.3459;3.2891;5.5738;1.8056;-1.1468;-0.37905;6.7799;1
549;2.0959;9.9558;3.5738;-1.0516;1.7623;-0.99443;7.1886;1
550;7.0959;6.6225;7.5738;1.2341;0.30777;1.4671;5.9095;1
551;4.5959;2.178;0.21376;0.091271;-1.5104;0.23634;5.9371;1
552;9.5959;8.8447;8.2138;-1.7863;1.3987;-1.7282;11.233;1
553;0.53345;5.5114;4.2138;0.49943;-0.055871;0.73338;4.9915;1
554;5.5334;0.69654;2.2138;-0.64342;-0.78314;-0.49739;6.1651;1
555;3.0334;7.3632;6.2138;1.6423;0.6714;1.9641;5.4318;1
556;8.0334;4.0299;1.8138;-1.2149;-1.7418;-1.1128;9.265;1
557;1.7834;2.9188;9.8138;1.0709;1.1673;1.3488;5.3687;1
558;6.7834;9.5854;5.8138;-0.071994;-0.28728;0.11799;7.4586;1
559;4.2834;6.2521;3.8138;-1.4597;-1.0145;-1.4205;8.9658;1
560;9.2834;1.8077;7.8138;0.82597;1.8945;1.0411;6.387;1
561;1.1584;8.4743;1.0138;-0.31689;0.44;-0.1897;5.561;1
562;6.1584;5.141;9.0138;1.9688;-1.3782;-0.80508;8.5577;1
563;3.6584;0.20271;5.0138;-0.88832;1.5309;1.6565;5.9204;1
564;8.6584;6.8694;3.0138;1.3974;0.076361;0.42569;5.9202;1
565;2.4084;3.536;7.0138;0.25454;-0.65091;-1.8228;8.4598;1
566;7.4084;2.4249;0.61376;-1.8679;0.80363;0.6387;8.7275;1
567;4.9084;9.0916;8.6138;0.4178;-1.9852;-0.59207;11.202;1
568;9.9084;5.7583;4.6138;-0.72506;0.92384;1.8695;7.448;1
569;0.14282;1.3138;2.6138;1.5607;-0.5307;-1.2075;6.1622;1
570;5.1428;7.9805;6.6138;-1.2965;-1.258;1.2541;8.7061;1
571;2.6428;4.6472;1.4138;0.98923;1.6511;0.023319;3.5832;1
572;7.6428;0.94345;9.4138;-0.15363;0.19657;-1.5151;8.6685;1
573;1.3928;7.6101;5.4138;-1.5414;-1.6216;0.9464;9.3548;1
574;6.3928;4.2768;3.4138;0.74433;1.2875;-0.28437;5.0673;1
575;3.8928;3.1657;7.4138;-0.39852;-0.16707;-0.89976;7.2127;1
576;8.8928;9.8323;0.13376;1.8872;-0.89434;1.5618;8.2424;1
577;0.76782;6.499;8.1338;-0.96995;0.56021;0.33101;6.1466;1
578;5.7678;2.0546;4.1338;1.3158;-1.7208;-1.9976;8.5532;1
579;3.2678;8.7212;2.1338;0.1729;1.1883;0.46392;5.2587;1
580;8.2678;5.3879;6.1338;-1.7046;-0.26624;-0.76685;11.658;1
581;2.0178;0.57308;1.7338;0.58107;-0.99351;1.6947;4.7259;1
582;7.0178;7.2398;9.7338;-0.56179;1.9156;-1.3822;8.8293;1
583;4.5178;3.9064;5.7338;1.7239;0.46103;1.0793;4.6857;1
584;9.5178;2.7953;3.7338;-1.1332;-1.3571;-0.15147;8.4806;1
585;0.45532;9.462;7.7338;1.1525;1.5519;-1.6899;8.2489;1
586;5.4553;6.1286;0.93376;0.0096388;0.097398;0.77161;5.7;1
587;2.9553;1.6842;8.9338;-1.9729;-0.62988;-0.45916;8.3359;1
588;7.9553;8.3509;4.9338;0.31285;0.82467;-1.0745;7.0675;1
589;1.7053;5.0175;2.9338;-0.83001;-1.853;1.387;7.9733;1
590;6.7053;0.024387;6.9338;1.4557;1.0561;0.15623;5.6002;1
591;4.2053;6.6911;0.53376;-1.4014;-0.39847;-1.8083;8.3907;1
592;9.2053;3.3577;8.5338;0.88427;-1.1257;0.65327;6.8001;1
593;1.0803;2.2466;4.5338;-0.25858;1.7833;-0.5775;5.4548;1
594;6.0803;8.9133;2.5338;-1.6463;0.3288;1.884;8.3468;1
595;3.5803;5.5799;6.5338;0.63938;-1.4894;-1.1929;8.6162;1
596;8.5803;1.1355;1.3338;-0.50348;1.4197;1.2687;6.9215;1
597;2.3303;7.8022;9.3338;1.7822;-0.034834;0.037884;7.2364;1
598;7.3303;4.4688;5.3338;-1.0749;-0.76211;-1.5006;9.1739;1
599;4.8303;0.76513;3.3338;1.2108;0.69244;0.96096;3.9753;2
600;9.8303;7.4318;7.3338;0.067948;-1.9191;-0.26981;9.2989;1
601;0.29907;4.0985;0.29376;-1.8096;0.98996;-0.88519;5.2767;1
602;5.2991;2.9873;8.2938;0.47611;-0.46459;1.5763;5.4999;1
603;2.7991;9.654;4.2938;-0.66675;-1.1919;0.34558;8.1308;1
604;7.7991;6.3207;2.2938;1.619;1.7172;-1.9029;6.6978;1
605;1.5491;1.8762;6.2938;-1.2382;0.26269;0.55859;5.3252;1
606;6.5491;8.5429;1.8938;1.0475;-1.5555;-0.67218;8.2492;1
607;4.0491;5.2096;9.8938;-0.095317;1.3536;1.7894;5.5875;1
608;9.0491;0.39476;5.8938;-1.4831;-0.10095;-1.2876;9.366;1
609;0.92407;7.0614;3.8938;0.80264;-0.82822;1.174;6.3832;1
610;5.9241;3.7281;7.8938;-0.34022;0.62632;-0.056791;6.6017;1
611;3.4241;2.617;1.0938;1.9455;-1.6547;-1.5953;7.7478;1
612;8.4241;9.2836;9.0938;-0.91164;1.2544;0.86629;7.5321;1
613;2.1741;5.9503;5.0938;1.3741;-0.20012;-0.36448;6.1651;1
614;7.1741;1.5059;3.0938;0.23121;-0.9274;-0.97987;6.4732;1
615;4.6741;8.1725;7.0938;-1.8912;1.9817;1.4817;7.1656;1
616;9.6741;4.8392;0.69376;0.39448;0.52715;0.2509;6.0818;1
617;0.61157;0.2713;8.6938;-0.74838;-1.291;-1.7136;8.9335;1
618;5.6116;6.938;4.6938;1.5373;1.6181;0.74794;5.0715;1
619;3.1116;3.6046;2.6938;-1.3198;0.16351;-0.48283;6.2435;1
620;8.1116;2.4935;6.6938;0.96591;-0.56376;1.9787;5.7505;1
621;1.8616;9.1602;1.4938;-0.17695;0.89079;-1.0982;5.8466;1
622;6.8616;5.8269;9.4938;-1.5647;-1.7869;1.3633;9.4041;1
623;4.3616;1.3824;5.4938;0.72101;1.1222;0.13256;4.9263;1
624;9.3616;8.0491;3.4938;-0.42185;-0.33235;-1.4059;8.5455;1
625;1.2366;4.7157;7.4938;1.8639;-1.0596;1.0556;6.8037;1
626;6.2366;1.012;0.01216;-0.99328;1.8495;-0.17513;7.0402;1
627;3.7366;7.6787;8.0122;1.2924;0.39492;-0.79052;7.1475;1
628;8.7366;4.3454;4.0122;0.14958;-1.4233;1.671;7.3174;1
629;2.4866;3.2343;2.0122;-1.728;1.4858;0.44025;6.0275;1
630;7.4866;9.9009;6.0122;0.55774;0.031282;-1.9503;8.6724;1
631;4.9866;6.5676;1.6122;-0.58511;-0.69599;0.51126;6.8758;1
632;9.9866;2.1232;9.6122;1.7006;0.75855;-0.71951;7.3662;1
633;0.015869;8.7898;5.6122;-1.1565;-1.9522;1.742;9.5096;1
634;5.0159;5.4565;3.6122;1.1292;0.9569;-1.3349;5.9299;1
635;2.5159;0.64167;7.6122;-0.013685;-0.49764;1.1266;4.9579;1
636;7.5159;7.3083;0.81216;-1.9262;-1.2249;-0.10413;10.71;1
637;1.2659;3.975;8.8122;0.35949;1.6842;-1.6426;8.5795;1
638;6.2659;2.8639;4.8122;-0.78336;0.22963;0.81895;6.1157;1
639;3.7659;9.5306;2.8122;1.5024;-1.5886;-0.41182;9.3492;1
640;8.7659;6.1972;6.8122;-1.3548;1.3205;-1.0272;9.0258;1
641;0.64087;1.7528;0.41216;0.93092;-0.13401;1.4343;4.0122;1
642;5.6409;8.4194;8.4122;-0.21194;-0.86128;0.20356;7.9342;1
643;3.1409;5.0861;4.4122;-1.5997;0.59327;-1.7609;8.2243;1
644;8.1409;0.14784;2.4122;0.68602;-1.6877;0.70061;5.8772;1
645;1.8909;6.8145;6.4122;-0.45683;1.2214;-0.53016;6.1141;1
646;6.8909;3.4812;1.2122;1.8289;-0.23318;1.9314;5.967;1
647;4.3909;2.3701;9.2122;-1.0283;-0.96045;-1.1455;8.7847;1
648;9.3909;9.0367;5.2122;1.2575;1.9486;1.316;5.9967;1
649;0.32837;5.7034;3.2122;0.1146;0.49409;0.085221;4.7173;1
650;5.3284;1.259;7.2122;-1.763;-1.3241;-1.4532;12.118;1
651;2.8284;7.9256;0.33216;0.52276;1.585;1.0083;4.8237;1
652;7.8284;4.5923;8.3322;-0.6201;0.13046;-0.22247;7.6105;1
653;1.5784;0.88858;4.3322;1.6656;-0.59682;-0.83786;5.933;1
654;6.5784;7.5553;2.3322;-1.1915;0.85773;1.6237;7.2496;1
655;4.0784;4.2219;6.3322;1.0942;-1.82;0.39291;7.0634;1
656;9.0784;3.1108;1.9322;-0.04867;1.0891;-1.8556;7.3313;1
657;0.95337;9.7775;9.9322;-1.4364;-0.36541;0.60593;7.813;1
658;5.9534;6.4441;5.9322;0.84929;-1.0927;-0.62484;7.565;1
659;3.4534;1.9997;3.9322;-0.29357;1.8164;1.8367;5.8489;1
660;8.4534;8.6664;7.9322;1.9921;0.36186;-1.2402;7.9729;1
661;2.2034;5.333;1.1322;-0.865;-1.4563;1.2213;7.5613;1
662;7.2034;0.51821;9.1322;1.4207;1.4528;-0.0094535;6.8493;1
663;4.7034;7.1849;5.1322;0.27786;-0.0017758;-1.5479;7.5936;1
664;9.7034;3.8515;3.1322;-1.8446;-0.72905;0.91362;9.9284;2
665;0.17212;2.7404;7.1322;0.44113;0.7255;-0.31715;5.7309;1
666;5.1721;9.4071;0.73216;-0.70173;-1.8861;-0.93253;9.69;1
667;2.6721;6.0738;8.7322;1.584;1.023;1.529;5.2407;1
668;7.6721;1.6293;4.7322;-1.2732;-0.43153;0.29824;7.5163;1
669;1.4221;8.296;2.7322;1.0126;-1.1588;-1.974;8.7728;1
670;6.4221;4.9627;6.7322;-0.1303;1.7503;0.48759;6.1194;1
671;3.9221;0.10669;1.5322;-1.5181;0.29574;-0.74318;6.7595;1
672;8.9221;6.7734;9.5322;0.76766;-1.5224;1.7184;8.184;1
673;0.79712;3.44;5.5322;-0.3752;1.3867;-1.3586;6.7238;1
674;5.7971;2.3289;3.5322;1.9105;-0.067892;1.103;4.1191;1
675;3.2971;8.9956;7.5322;-0.94663;-0.79516;-0.1278;8.2407;1
676;8.2971;5.6622;0.17216;1.3391;0.65938;-1.6663;5.6739;1
677;2.0471;1.2178;8.1722;0.19623;-1.7538;0.79528;6.1604;1
678;7.0471;7.8845;4.1722;-1.6813;1.1552;-0.43549;8.0054;1
679;4.5471;4.5511;2.1722;0.60439;-0.2993;-1.0509;5.7231;1
680;9.5471;0.84743;6.1722;-0.53847;-1.0266;1.4107;7.1273;1
681;0.48462;7.5141;1.7722;1.7472;1.8825;0.1799;5.1692;1
682;5.4846;4.1808;9.7722;-1.1099;0.42798;-1.7846;9.4548;1
683;2.9846;3.0697;5.7722;1.1758;-1.3902;0.67694;5.9098;1
684;7.9846;9.7363;3.7722;0.032962;1.5189;-0.55383;6.6191;1
685;1.7346;6.403;7.7722;-1.9845;0.06434;1.9077;6.8535;1
686;6.7346;1.9585;0.97216;0.30118;-0.66293;-1.1692;5.8337;1
687;4.2346;8.6252;8.9722;-0.84167;0.79161;1.2923;6.555;1
688;9.2346;5.2919;4.9722;1.444;-1.9913;0.061552;7.9136;1
689;1.1096;0.47706;2.9722;-1.4131;0.91783;-1.4769;7.2939;1
690;6.1096;7.1437;6.9722;0.87261;-0.53671;0.98463;6.43;1
691;3.6096;3.8104;0.57216;-0.27024;-1.264;-0.24614;6.265;1
692;8.6096;2.6993;8.5722;-1.658;1.6451;-0.86152;10.262;1
693;2.3596;9.366;4.5722;0.62771;0.19056;1.6;6.0734;1
694;7.3596;6.0326;2.5722;-0.51514;-1.6276;0.36924;8.1258;1
695;4.8596;1.5882;6.5722;1.7706;1.2815;-1.8793;8.2522;1
696;9.8596;8.2548;1.3722;-1.0866;-0.17308;0.58226;8.3978;1
697;0.093994;4.9215;9.3722;1.1991;-0.90035;-0.64851;8.01;1
698;5.094;0.3536;5.3722;0.056286;0.5542;1.813;4.726;1
699;2.594;7.0203;3.3722;-1.8213;-1.7268;-1.2639;13.722;1
700;7.594;3.6869;7.3722;0.46445;1.1823;1.1976;5.7398;1
701;1.344;2.5758;0.09216;-0.67841;-0.27225;-0.033122;4.2023;1
702;6.344;9.2425;8.0922;1.6073;-0.99952;-1.5716;9.7515;1
703;3.844;5.9092;4.0922;-1.2498;1.9096;0.88995;5.8105;1
704;8.844;1.4647;2.0922;1.0359;0.45502;-0.34081;5.3517;1
705;0.71899;8.1314;6.0922;-0.10698;-1.3632;-0.9562;8.6022;1
706;5.719;4.798;1.6922;-1.4947;1.5459;1.5053;7.3251;1
707;3.219;1.0943;9.6922;0.79098;0.091387;0.27457;6.0167;1
708;8.219;7.761;5.6922;-0.35188;-0.63589;-1.9266;9.2941;1
709;1.969;4.4277;3.6922;1.9338;0.81866;0.53493;4.4055;1
710;6.969;3.3166;7.6922;-0.92331;-1.859;-0.69584;9.0804;1
711;4.469;9.9832;0.89216;1.3624;1.0501;1.7657;6.2017;1
712;9.469;6.6499;8.8922;0.21955;-0.40448;-1.3112;8.8664;1
713;0.40649;2.2055;4.8922;-1.9029;-1.1318;1.1503;6.3958;1
714;5.4065;8.8721;2.8922;0.38282;1.7773;-0.080459;5.4851;1
715;2.9065;5.5388;6.8922;-0.76004;0.32279;-1.6189;8.0944;1
716;7.9065;0.72398;0.49216;1.5257;-1.4954;0.84262;5.2013;1
717;1.6565;7.3906;8.4922;-1.3315;1.4137;-0.38815;7.0945;1
718;6.6565;4.0573;4.4922;0.95425;-0.040844;-1.0035;6.195;1
719;4.1565;2.9462;2.4922;-0.18861;-0.76812;1.458;5.4398;1
720;9.1565;9.6129;6.4922;-1.5764;0.68643;0.22723;8.6824;1
721;1.0315;6.2795;1.2922;0.70935;-1.9251;-1.7373;8.8886;1
722;6.0315;1.8351;9.2922;-0.43351;0.98395;0.72427;6.4415;1
723;3.5315;8.5018;5.2922;1.8522;-0.4706;-0.50649;7.3177;1
724;8.5315;5.1684;3.2922;-1.0049;-1.1979;1.955;9.0806;1
725;2.2815;0.23015;7.2922;1.2808;1.7112;-1.1219;7.6708;1
726;7.2815;6.8968;0.25216;0.13792;0.25668;1.3397;6.3646;1
727;4.7815;3.5635;8.2522;-1.7396;-1.5615;0.10889;8.8453;1
728;9.7815;2.4524;4.2522;0.54608;1.3476;-1.4296;7.1895;1
729;0.25024;9.119;2.2522;-0.59678;-0.10696;1.032;6.2769;1
730;5.2502;5.7857;6.2522;1.6889;-0.83423;-0.1988;6.7633;1
731;2.7502;1.3413;1.8522;-1.1682;0.62031;-0.81419;5.6882;1
732;7.7502;8.0079;9.8522;1.1175;-1.6607;1.6474;8.5354;1
733;1.5002;4.6746;5.8522;-0.025347;1.2484;0.41658;4.8011;1
734;6.5002;0.97089;3.8522;-1.9379;-0.20613;-1.8319;11.005;1
735;4.0002;7.6376;7.8522;0.34783;-0.93341;0.6296;7.1418;1
736;9.0002;4.3042;1.0522;-0.79503;1.9757;-0.60117;7.3135;1
737;0.87524;3.1931;9.0522;1.4907;0.52114;1.8604;5.1429;1
738;5.8752;9.8598;5.0522;-1.3665;-1.297;-1.2166;12.648;1
739;3.3752;6.5264;3.0522;0.91926;1.612;1.245;4.2647;1
740;8.3752;2.082;7.0522;-0.2236;0.1575;0.014215;6.8261;1
741;2.1252;8.7487;0.65216;-1.6114;-0.56977;-1.5242;9.0186;1
742;7.1252;5.4153;8.6522;0.67436;0.88478;0.93729;6.0564;1
743;4.6252;0.60052;4.6522;-0.4685;-1.7929;-0.29348;6.8236;1
744;9.6252;7.2672;2.6522;1.8172;1.1162;-0.90886;5.9448;1
745;0.56274;3.9339;6.6522;-1.0399;-0.33836;1.5527;5.3184;1
746;5.5627;2.8227;1.4522;1.2458;-1.0656;0.32191;5.0661;1
747;3.0627;9.4894;9.4522;0.10293;1.8435;-1.9831;9.0037;1
748;8.0627;6.1561;5.4522;-1.7746;0.38891;0.47848;8.2937;1
749;1.8127;1.7116;3.4522;0.5111;-1.4293;-0.75228;6.0514;1
750;6.8127;8.3783;7.4522;-0.63176;1.4798;1.7093;6.3877;1
751;4.3127;5.045;0.07616;1.654;0.025271;-1.3677;5.3897;1
752;9.3127;0.065539;8.0762;-1.2032;-0.702;1.0939;7.7895;1
753;1.1877;6.7322;4.0762;1.0825;0.75254;-0.1369;5.2285;1
754;6.1877;3.3989;2.0762;-0.060332;-1.9582;-1.6754;8.4256;1
755;3.6877;2.2878;6.0762;-1.4481;0.95089;0.78618;6.134;1
756;8.6877;8.9544;1.6762;0.83763;-0.50365;-0.44459;7.1211;1
757;2.4377;5.6211;9.6762;-0.30523;-1.2309;-1.06;8.868;1
758;7.4377;1.1766;5.6762;1.9805;1.6782;1.4016;4.7455;1
759;4.9377;7.8433;3.6762;-0.87666;0.22362;0.17079;6.6883;1
760;9.9377;4.51;7.6762;1.4091;-1.5946;-1.7937;9.4375;1
761;0.054932;0.80628;0.87616;0.2662;1.3145;0.66783;9.5208;1
762;5.0549;7.4729;8.8762;-1.8563;-0.14002;-0.56294;8.977;1
763;2.5549;4.1396;4.8762;0.42946;-0.86729;1.8986;5.4086;1
764;7.5549;3.0285;2.8762;-0.71339;0.58725;-1.1783;7.294;1
765;1.3049;9.6952;6.8762;1.5723;-1.6937;1.2832;8.891;1
766;6.3049;6.3618;0.47616;-1.2848;1.2154;0.052449;6.7111;1
767;3.8049;1.9174;8.4762;1.0009;-0.23919;-1.486;7.846;1
768;8.8049;8.5841;4.4762;-0.14196;-0.96646;0.97553;8.005;1
769;0.67993;5.2507;2.4762;-1.5297;1.9426;-0.25524;5.259;1
770;5.6799;0.43591;6.4762;0.75599;0.48808;-0.87063;6.3377;1
771;3.1799;7.1026;1.2762;-0.38686;-1.3301;1.5909;8.4992;1
772;8.1799;3.7692;9.2762;1.8989;1.579;0.36014;6.3048;1
773;1.9299;2.6581;5.2762;-0.95829;0.12445;-1.8884;8.1548;1
774;6.9299;9.3248;3.2762;1.3274;-0.60283;0.57316;6.8947;1
775;4.4299;5.9915;7.2762;0.18457;0.85172;-0.65761;6.5591;1
776;9.4299;1.547;0.39616;-1.693;-1.826;1.8039;10.304;1
777;0.36743;8.2137;8.3962;0.59273;1.0831;-1.273;7.5772;1
778;5.3674;4.8804;4.3962;-0.55013;-0.37142;1.1885;6.1623;1
779;2.8674;0.31245;2.3962;1.7356;-1.0987;-0.042225;4.2868;1
780;7.8674;6.9791;6.3962;-1.1216;1.8104;-1.5807;9.0253;1
781;1.6174;3.6458;1.9962;1.1642;0.35585;0.88085;3.6141;1
782;6.6174;2.5347;9.9962;0.021301;-1.4623;-0.34992;8.0489;1
783;4.1174;9.2013;5.9962;-1.9612;1.4468;-0.9653;8.4453;1
784;9.1174;5.868;3.9962;0.32451;-0.0077864;1.4962;6.3838;1
785;0.99243;1.4236;7.9962;-0.81835;-0.73506;0.26547;5.9571;1
786;5.9924;8.0902;1.1962;1.4674;0.71949;-1.699;6.0977;1
787;3.4924;4.7569;9.1962;-1.3898;-1.8921;0.76251;8.6046;1
788;8.4924;1.0532;5.1962;0.89594;1.017;-0.46826;6.0491;1
789;2.2424;7.7199;3.1962;-0.24692;-0.43754;1.9933;6.6278;1
790;7.2424;4.3865;7.1962;-1.6347;-1.1648;-1.0836;13;1
791;4.7424;3.2754;0.79616;0.65104;1.7443;1.3779;5.1382;1
792;9.7424;9.9421;8.7962;-0.49182;0.28973;0.14712;8.2073;1
793;0.21118;6.6087;4.7962;1.7939;-1.5284;-1.3913;9.3859;1
794;5.2112;2.1643;2.7962;-1.0632;1.3806;1.0702;6.1357;1
795;2.7112;8.831;6.7962;1.2225;-0.073902;-0.16057;6.8977;1
796;7.7112;5.4976;1.5962;0.07961;-0.80117;-0.77595;7.0158;1
797;1.4612;0.68282;9.5962;-1.7979;0.65337;1.6856;5.9749;1
798;6.4612;7.3495;5.5962;0.48777;-1.7599;0.45482;8.0739;1
799;3.9612;4.0162;3.5962;-0.65508;1.1492;-1.9357;7.9843;1
800;8.9612;2.905;7.5962;1.6306;-0.30531;0.52582;5.9483;1
801;0.83618;9.5717;0.23616;-1.2265;-1.0326;-0.70495;7.9449;1
802;5.8362;6.2384;8.2362;1.0592;1.8765;1.7566;5.2741;1
803;3.3362;1.7939;4.2362;-0.083656;0.42197;-1.3203;6.3109;1
804;8.3362;8.4606;2.2362;-1.4714;-1.3962;1.1412;9.7642;1
805;2.0862;5.1273;6.2362;0.8143;1.5129;-0.089563;5.2715;1
806;7.0862;0.189;1.8362;-0.32855;0.058329;-1.628;6.8412;1
807;4.5862;6.8557;9.8362;1.9572;-0.66894;0.83351;7.2809;1
808;9.5862;3.5223;5.8362;-0.89998;0.7856;-0.39725;7.8947;1
809;0.52368;2.4112;3.8362;1.3857;-1.9672;-1.0126;8.4194;1
810;5.5237;9.0779;7.8362;0.24287;0.94188;1.4489;6.1891;1
811;3.0237;5.7446;1.0362;-1.8796;-0.51267;0.21813;7.3084;1
812;8.0237;1.3001;9.0362;0.40614;-1.2399;-1.7464;9.6487;1
813;1.7737;7.9668;5.0362;-0.73672;1.6691;0.71517;5.2188;1
814;6.7737;4.6334;3.0362;1.549;0.2146;-0.5156;5.2516;1
815;4.2737;0.92974;7.0362;-1.3081;-1.6036;1.9459;7.5134;1
816;9.2737;7.5964;0.63616;0.97757;1.3055;-1.131;5.9809;1
817;1.1487;4.2631;8.6362;-0.16529;-0.14903;1.3306;5.4448;1
818;6.1487;3.152;4.6362;-1.553;-0.87631;0.099786;8.4771;1
819;3.6487;9.8186;2.6362;0.73267;0.57824;-1.4387;6.6778;1
820;8.6487;6.4853;6.6362;-0.41019;-1.7028;1.0229;8.5283;1
821;2.3987;2.0408;1.4362;1.8755;1.2063;-0.20791;9.6603;1
822;7.3987;8.7075;9.4362;-0.98161;-0.24821;-0.82329;9.1866;1
823;4.8987;5.3742;5.4362;1.3041;-0.97548;1.6382;6.4841;1
824;9.8987;0.55937;3.4362;0.16124;1.9336;0.40748;6.9182;1
825;0.13306;7.226;7.4362;-1.7163;0.47907;-1.841;9.7231;1
826;5.1331;3.8927;0.15616;0.56941;-1.3391;0.6205;6.0758;1
827;2.6331;2.7816;8.1562;-0.57345;1.57;-0.61027;6.9355;1
828;7.6331;9.4483;4.1562;1.7123;0.11543;1.8513;6.328;1
829;1.3831;6.1149;2.1562;-1.1449;-0.61184;-1.2257;7.1977;1
830;6.3831;1.6705;6.1562;1.1408;0.8427;1.2359;4.8554;1
831;3.8831;8.3371;1.7562;-0.002023;-1.835;0.0051119;8.3348;1
832;8.8831;5.0038;9.7562;-1.9895;1.0741;-1.5333;10.74;1
833;0.75806;0.0060966;5.7562;0.29619;-0.38044;0.92819;4.1539;1
834;5.7581;6.6728;3.7562;-0.84667;-1.1077;-0.30258;8.0273;1
835;3.2581;3.3394;7.7562;1.439;1.8014;-0.91797;7.1806;1
836;8.2581;2.2283;0.95616;-1.4181;0.34683;1.5436;8.2306;1
837;2.0081;8.895;8.9562;0.86761;-1.4713;0.3128;8.4673;1
838;7.0081;5.5617;4.9562;-0.27524;1.4377;-1.9594;8.2006;1
839;4.5081;1.1172;2.9562;-1.663;-0.016802;0.50215;6.6909;1
840;9.5081;7.7839;6.9562;0.62272;-0.74407;-0.72862;8.1367;1
841;0.44556;4.4505;0.55616;-0.52014;0.71047;1.7329;4.5978;1
842;5.4456;0.74684;8.5562;1.7656;-1.9011;-1.344;8.7962;1
843;2.9456;7.4135;4.5562;-1.0916;1.008;1.1175;5.8097;1
844;7.9456;4.0802;2.5562;1.1941;-0.44655;-0.11323;5.5882;1
845;1.6956;2.9691;6.5562;0.051288;-1.1738;-1.6517;8.2429;1
846;6.6956;9.6357;1.3562;-1.8263;1.7353;0.80985;8.1578;1
847;4.1956;6.3024;9.3562;0.45945;0.28072;-0.42092;7.0393;1
848;9.1956;1.8579;5.3562;-0.68341;-1.5375;-1.0363;8.6361;1
849;1.0706;8.5246;3.3562;1.6023;1.3716;1.4252;5.3861;1
850;6.0706;5.1913;7.3562;-1.2548;-0.082918;0.19446;7.5597;1
851;3.5706;0.37647;0.31616;1.0309;-0.81019;-1.77;5.0896;1
852;8.5706;7.0431;8.3162;-0.11198;0.64435;0.6915;6.9157;1
853;2.3206;3.7098;4.3162;-1.4997;-1.6366;-0.53927;9.6667;1
854;7.3206;2.5987;2.3162;0.78598;1.2725;1.9223;5.2182;1
855;4.8206;9.2654;6.3162;-0.35688;-0.18209;-1.1547;8.1897;1
856;9.8206;5.932;1.9162;1.9288;-0.90936;1.3069;6.4366;1
857;0.28931;1.4876;9.9162;-0.9283;1.9997;0.076118;7.1176;1
858;5.2893;8.1542;5.9162;1.3574;0.54518;-1.4623;7.2964;1
859;2.7893;4.8209;3.9162;0.21455;-1.273;0.99919;6.1408;1
860;7.7893;0.25301;7.9162;-1.9079;1.6361;-0.23157;10.749;1
861;1.5393;6.9197;1.1162;0.37782;0.18154;-0.84696;5.4254;1
862;6.5393;3.5863;9.1162;-0.76504;-0.54573;1.6146;6.8542;1
863;4.0393;2.4752;5.1162;1.5207;0.90882;0.38381;4.4376;1
864;9.0393;9.1419;3.1162;-1.3365;-1.7689;-1.8647;17.877;1
865;0.91431;5.8086;7.1162;0.94925;1.1402;0.59683;5.2634;1
866;5.9143;1.3641;0.71616;-0.19361;-0.31432;-0.63394;5.4318;1
867;3.4143;8.0308;8.7162;-1.5814;-1.0416;1.8276;8.3494;1
868;8.4143;4.6975;4.7162;0.70435;1.8675;-1.2493;7.2226;1
869;2.1643;0.99375;2.7162;-0.43851;0.41295;1.2122;3.5521;1
870;7.1643;7.6604;6.7162;1.8472;-1.4052;-0.018557;8.0049;1
871;4.6643;4.3271;1.5162;-1.0099;1.5039;-1.557;6.9612;1
872;9.6643;3.216;9.5162;1.2758;0.049314;0.90452;6.349;1
873;0.60181;9.8826;5.5162;0.13292;-0.67796;-0.32625;7.6119;1
874;5.6018;6.5493;3.5162;-1.7446;0.77659;-0.94163;8.2658;1
875;3.1018;2.1049;7.5162;0.54108;-1.9342;1.5199;6.831;1
876;8.1018;8.7715;0.04416;-0.60177;0.97493;0.28914;6.8271;1
877;1.8518;5.4382;8.0442;1.6839;-0.47961;-1.912;10.652;1
878;6.8518;0.62338;4.0442;-1.1732;-1.2069;0.54949;7.239;1
879;4.3518;7.29;2.0442;1.1125;1.7022;-0.68128;4.935;1
880;9.3518;3.9567;6.0442;-0.030344;0.24766;1.7803;6.5644;1
881;1.2268;2.8456;1.6442;-1.9429;-1.5705;-1.2967;10.984;1
882;6.2268;9.5123;9.6442;0.34283;1.3386;1.1649;6.5517;1
883;3.7268;6.1789;5.6442;-0.80002;-0.11598;-0.065894;6.655;1
884;8.7268;1.7345;3.6442;1.4857;-0.84325;-1.6044;6.8942;1
885;2.4768;8.4012;7.6442;-1.3715;0.6113;0.85718;6.5821;1
886;7.4768;5.0678;0.84416;0.91426;-1.6697;-0.37359;7.0789;1
887;4.9768;0.12955;8.8442;-0.2286;1.2394;-0.98897;7.8414;1
888;9.9768;6.7962;4.8442;-1.6164;-0.21515;1.4726;9.1031;1
889;0.0354;3.4629;2.8442;0.66936;-0.94242;0.2418;5.3356;1
890;5.0354;2.3518;6.8442;-0.47349;1.9667;-1.7227;9.3886;1
891;2.5354;9.0184;0.44416;1.8122;0.51212;0.73884;6.105;1
892;7.5354;5.6851;8.4442;-1.0449;-1.3061;-0.49193;9.2321;1
893;1.2854;1.2407;4.4442;1.2408;1.603;1.9696;8.8002;1
894;6.2854;7.9073;2.4442;0.097935;0.14849;-1.1073;6.7712;1
895;3.7854;4.574;6.4442;-1.7796;-0.57879;1.3542;7.2944;1
896;8.7854;0.87029;1.2442;0.5061;0.87576;0.12346;5.5599;1
897;0.6604;7.537;9.2442;-0.63676;-1.8019;-1.415;12.353;1
898;5.6604;4.2036;5.2442;1.649;1.1072;1.0465;4.7036;1
899;3.1604;3.0925;3.2442;-1.2082;-0.34738;-0.18424;6.2157;1
900;8.1604;9.7592;7.2442;1.0775;-1.0747;-0.79962;8.7245;1
901;1.9104;6.4258;0.36416;-0.06533;1.8344;1.6619;4.8158;1
902;6.9104;1.9814;8.3642;-1.4531;0.37989;0.43115;7.695;1
903;4.4104;8.6481;4.3642;0.83263;-1.4383;-1.8174;9.2214;1
904;9.4104;5.3147;2.3642;-0.31023;1.4708;0.64417;6.5183;1
905;0.3479;0.49992;6.3642;1.9755;0.016256;-0.5866;6.8387;1
906;5.3479;7.1666;1.9642;-0.88166;-0.71102;1.8749;7.8766;1
907;2.8479;3.8333;9.9642;1.4041;0.74353;-1.202;7.9028;1
908;7.8479;2.7221;5.9642;0.2612;-1.868;1.2595;7.1287;1
909;1.5979;9.3888;3.9642;-1.8612;1.041;0.028781;6.7176;1
910;6.5979;6.0555;7.9642;0.42447;-0.4135;-1.5097;8.3762;1
911;4.0979;1.611;1.1642;-0.71839;-1.1408;0.95186;5.9769;1
912;9.0979;8.2777;9.1642;1.5673;1.7683;-0.27891;6.8987;1
913;0.9729;4.9444;5.1642;-1.2898;0.31378;-0.8943;6.7535;1
914;5.9729;0.088401;3.1642;0.99589;-1.5044;1.5672;4.882;1
915;3.4729;6.7551;7.1642;-0.14696;1.4047;0.33647;5.7167;1
916;8.4729;3.4217;0.76416;-1.5347;-0.04986;-1.9903;9.2016;1
917;2.2229;2.3106;8.7642;0.751;-0.77713;0.4712;5.9268;1
918;7.2229;8.9773;4.7642;-0.39186;0.67741;-0.75957;7.29;1
919;4.7229;5.644;2.7642;1.8939;-1.7358;1.702;8.1401;1
920;9.7229;1.1995;6.7642;-0.96329;1.1733;-1.375;9.0629;1
921;0.19165;7.8662;1.5642;1.3224;-0.28126;1.0866;6.3971;1
922;5.1917;4.5328;9.5642;0.17957;-1.0085;-0.14418;7.5136;1
923;2.6917;0.82914;5.5642;-1.698;1.9006;-1.6826;10.436;1
924;7.6917;7.4958;3.5642;0.58773;0.44601;0.77889;6.0067;1
925;1.4417;4.1625;7.5642;-0.55513;-1.3722;-0.45187;7.6814;1
926;6.4417;3.0514;0.20416;1.7306;1.5369;-1.0673;4.3243;1
927;3.9417;9.718;8.2042;-1.1266;0.082371;1.3943;7.2083;1
928;8.9417;6.3847;4.2042;1.1592;-0.6449;0.16351;6.5437;1
929;0.81665;1.9403;2.2042;0.016303;0.80964;-1.801;5.9834;1
930;5.8167;8.6069;6.2042;-1.9662;-1.9792;0.66055;10.983;1
931;3.3167;5.2736;1.8042;0.31951;0.92985;-0.57022;4.5997;1
932;8.3167;0.45877;9.8042;-0.82335;-0.52469;1.8913;7.3102;1
933;2.0667;7.1254;5.8042;1.4624;-1.252;-1.1856;8.8342;1
934;7.0667;3.7921;3.8042;-1.3948;1.6571;1.2759;7.4638;1
935;4.5667;2.681;7.8042;0.89094;0.20258;0.045166;5.753;1
936;9.5667;9.3477;1.0042;-0.25192;-1.6156;-1.4933;11.279;1
937;0.50415;6.0143;9.0042;-1.6397;1.2935;0.96824;5.9488;1
938;5.5042;1.5699;5.0042;0.64604;-0.16105;-0.26253;5.3538;1
939;3.0042;8.2365;3.0042;-0.49682;-0.88833;-0.87791;7.7331;1
940;8.0042;4.9032;7.0042;1.7889;0.56622;1.5836;5.3859;1
941;1.7542;0.33531;0.60416;-1.0682;-1.7148;0.35286;5.8053;1
942;6.7542;7.002;8.6042;1.2175;1.1943;-1.8957;8.562;1
943;4.2542;3.6686;4.6042;0.074612;-0.26023;0.56588;5.1977;1
944;9.2542;2.5575;2.6042;-1.8029;-0.9875;-0.66489;9.1423;1
945;1.1292;9.2242;6.6042;0.48278;1.9216;1.7966;5.1625;1
946;6.1292;5.8909;1.4042;-0.66008;0.46704;-1.2803;6.7329;1
947;3.6292;1.4464;9.4042;1.6256;-1.3511;1.1813;5.8642;1
948;8.6292;8.1131;5.4042;-1.2315;1.558;-0.049508;7.7735;1
949;2.3792;4.7798;3.4042;1.0542;0.10341;-1.588;6.4178;1
950;7.3792;1.0761;7.4042;-0.088654;-0.62386;0.87357;6.1808;1
951;4.8792;7.7427;0.12416;-1.4764;0.83068;-0.3572;6.7849;1
952;9.8792;4.4094;8.1242;0.80931;-1.847;-0.97258;9.0112;1
953;0.11353;3.2983;4.1242;-0.33355;1.0621;1.489;3.5063;1
954;5.1135;9.9649;2.1242;1.9522;-0.39246;0.25818;6.9849;1
955;2.6135;6.6316;6.1242;-0.90498;-1.1197;-1.7063;11.553;1
956;7.6135;2.1872;1.7242;1.3807;1.7894;0.75523;4.7968;1
957;1.3635;8.8538;9.7242;0.23788;0.33481;-0.47554;7.4405;1
958;6.3635;5.5205;5.7242;-1.8846;-1.4834;1.986;10.023;1
959;3.8635;0.70569;3.7242;0.40114;1.4257;-1.0909;5.9545;1
960;8.8635;7.3724;7.7242;-0.74171;-0.028823;1.3706;7.5548;1
961;0.73853;4.039;0.92416;1.544;-0.7561;0.13984;5.5422;1
962;5.7385;2.9279;8.9242;-1.3131;0.69845;-1.3986;8.969;1
963;3.2385;9.5946;4.9242;0.97257;-1.9131;1.0629;9.3784;1
964;8.2385;6.2612;2.9242;-0.17029;0.99597;-0.16785;6.3253;1
965;1.9885;1.8168;6.9242;-1.558;-0.45858;-0.78324;7.413;1
966;6.9885;8.4835;0.52416;0.72767;-1.1858;1.6783;7.9757;1
967;4.4885;5.1501;8.5242;-0.41518;1.7232;0.44753;6.3095;1
968;9.4885;0.21186;4.5242;1.8705;0.2687;-1.943;7.6293;1
969;0.42603;6.8785;2.5242;-0.98661;-1.5495;0.51854;7.8012;2
970;5.426;3.5452;6.5242;1.2991;1.3596;-0.71223;6.1914;1
971;2.926;2.4341;1.3242;0.15624;-0.094939;1.7493;4.4769;1
972;7.926;9.1007;9.3242;-1.7213;-0.82221;-1.3276;12.648;1
973;1.676;5.7674;5.3242;0.56441;0.63233;1.1339;4.8028;1
974;6.676;1.323;3.3242;-0.57845;-1.6487;-0.096845;7.1127;1
975;4.176;7.9896;7.3242;1.7073;1.2604;-1.6353;8.1903;1
976;9.176;4.6563;0.28416;-1.1499;-0.19411;0.82623;7.9613;1
977;1.051;0.9526;8.2842;1.1358;-0.92139;-0.40454;6.6722;1
978;6.051;7.6193;4.2842;-0.0070209;1.9877;-1.0199;6.7975;1
979;3.551;4.2859;2.2842;-1.9196;0.53316;1.4416;7.0564;1
980;8.551;3.1748;6.2842;0.36616;-1.285;0.21085;6.9538;1
981;2.301;9.8415;1.8842;-0.7767;1.6241;-1.7537;7.5511;1
982;7.301;6.5082;9.8842;1.509;0.16952;0.70789;6.434;1
983;4.801;2.0637;5.8842;-1.3481;-0.55775;-0.52288;7.4807;1
984;9.801;8.7304;3.8842;0.93759;0.8968;1.9387;6.3354;1
985;0.26978;5.397;7.8842;-0.20527;-1.7809;-1.1383;9.1839;1
986;5.2698;0.58223;1.0842;-1.593;1.1282;1.3233;8.7173;1
987;2.7698;7.2489;9.0842;0.69269;-0.32634;0.092504;6.9811;1
988;7.7698;3.9156;5.0842;-0.45017;-1.0536;-1.446;8.4323;1
989;1.5198;2.8045;3.0842;1.8355;1.8555;1.0156;5.4516;1
990;6.5198;9.4711;7.0842;-1.0216;0.40093;-0.21519;7.9083;1
991;4.0198;6.1378;0.68416;1.2641;-1.4173;-0.83057;7.1675;1
992;9.0198;1.6933;8.6842;0.12126;1.4918;1.631;6.3787;1
993;0.89478;8.36;4.6842;-1.7563;0.037293;0.4002;6.8151;1
994;5.8948;5.0267;2.6842;0.52942;-0.68998;-1.8483;7.4315;1
995;3.3948;0.047249;6.6842;-0.61343;0.76457;0.61321;5.4803;1
996;8.3948;6.7139;1.4842;1.6723;-1.9462;-0.61756;8.2221;1
997;2.1448;3.3806;9.4842;-1.1849;0.96291;1.844;5.7041;1
998;7.1448;2.2695;5.4842;1.1009;-0.49163;-1.2329;6.7258;1
999;4.6448;8.9361;3.4842;-0.042006;-1.2189;1.2286;7.8804;1
1000;9.6448;5.6028;7.4842;-1.4298;1.6902;-0.0021708;8.5403;1
