1;-10;-10;-360;22.157;1
2;0;3.3333;216;6.074;1
3;-5;-3.3333;-72;10.298;1
4;5;-5.5556;-216;11.407;1
5;-7.5;7.7778;72;13.587;1
6;2.5;1.1111;-244.8;10.302;1
7;-2.5;-7.7778;331.2;18.504;1
8;7.5;5.5556;43.2;9.3917;1
9;-8.75;-1.1111;-100.8;13.675;1
10;1.25;-8.5185;187.2;16.751;1
11;-3.75;4.8148;-302.4;12.754;1
12;6.25;-1.8519;273.6;14.228;1
13;-6.25;-4.0741;-14.4;13.699;1
14;3.75;9.2593;-158.4;16.73;1
15;-1.25;2.5926;129.6;7.2853;1
16;8.75;-6.2963;-331.2;18.571;1
17;-9.375;7.037;244.8;15.186;1
18;0.625;0.37037;-43.2;2.9426;-2
19;-4.375;-9.2593;-187.2;12.098;1
20;5.625;4.0741;100.8;7.3102;1
21;-6.875;-2.5926;-273.6;11.858;1
22;3.125;-4.8148;302.4;13.574;1
23;-1.875;8.5185;14.4;11.068;1
24;8.125;1.8519;-129.6;11.1;1
25;-8.125;-7.037;158.4;21.143;1
26;1.875;6.2963;-336.96;15.345;1
27;-3.125;-0.37037;239.04;18.308;1
28;6.875;-9.5062;-48.96;11.917;1
29;-5.625;3.8272;-192.96;17.774;1
30;4.375;-2.8395;95.04;7.8717;1
31;-0.625;-5.0617;-221.76;7.7782;1
32;9.375;8.2716;354.24;20.497;1
33;-9.6875;1.6049;66.24;15.495;1
34;0.3125;-7.284;-77.76;8.1002;1
35;-4.6875;6.0494;210.24;10.142;1
36;5.3125;-0.61728;-279.36;12.799;1
37;-7.1875;-8.0247;296.64;21.593;1
38;2.8125;5.3086;8.64;6.6212;1
39;-2.1875;-1.358;-135.36;8.827;1
40;7.8125;-3.5802;152.64;12.941;1
41;-8.4375;9.7531;-308.16;23.832;1
42;1.5625;3.0864;267.84;9.2944;1
43;-3.4375;-5.8025;-20.16;10.655;1
44;6.5625;7.5309;-164.16;15.95;1
45;-5.9375;0.8642;123.84;10.663;1
46;4.0625;-8.7654;-250.56;14.386;1
47;-0.9375;4.5679;325.44;11.586;1
48;9.0625;-2.0988;37.44;9.4606;1
49;-9.0625;-4.321;-106.56;13.526;1
50;0.9375;9.0123;181.44;10.573;1
51;-4.0625;2.3457;-348.48;20.626;1
52;5.9375;-6.5432;227.52;16.488;1
53;-6.5625;6.7901;-60.48;17.361;1
54;3.4375;0.12346;-204.48;9.366;1
55;-1.5625;-9.7531;83.52;15.875;1
56;8.4375;3.5802;-233.28;16.261;1
57;-7.8125;-3.0864;342.72;23.319;1
58;2.1875;-5.3086;54.72;8.8398;1
59;-2.8125;8.0247;-89.28;15.684;1
60;7.1875;1.358;198.72;12.099;1
61;-5.3125;-7.5309;-290.88;14.348;1
62;4.6875;5.8025;285.12;13.999;1
63;-0.3125;-0.8642;-2.88;15.325;1
64;9.6875;-8.2716;-146.88;14.039;1
65;-9.8438;5.0617;141.12;14.178;1
66;0.15625;-1.6049;-319.68;8.7368;1
67;-4.8438;-3.8272;256.32;17.331;1
68;5.1563;9.5062;-31.68;12.108;1
69;-7.3438;2.8395;-175.68;19.348;1
70;2.6563;-6.0494;112.32;11.869;1
71;-2.3438;7.284;-262.08;17.078;1
72;7.6563;0.61728;313.92;15.567;1
73;-8.5938;-9.0123;25.92;18.561;1
74;1.4063;4.321;-118.08;11.021;1
75;-3.5938;-2.3457;169.92;15.606;1
76;6.4063;-4.5679;-354.24;15.858;1
77;-6.0938;8.7654;221.76;13.319;1
78;3.9063;2.0988;-66.24;5.8176;1
79;-1.0938;-6.7901;-210.24;9.1146;1
80;8.9063;6.5432;77.76;11.184;1
81;-9.2188;-0.12346;-239.04;13.64;1
82;0.78125;-9.8354;336.96;18.989;1
83;-4.2188;3.4979;48.96;10.395;1
84;5.7813;-3.1687;-95.04;6.9653;1
85;-6.7188;-5.3909;192.96;19.293;1
86;3.2813;7.9424;-296.64;16.972;1
87;-1.7188;1.2757;279.36;6.7199;1
88;8.2813;-7.6132;-8.64;11.394;1
89;-7.9688;5.7202;-152.64;20.484;1
90;2.0313;-0.9465;135.36;9.6248;1
91;-2.9688;-8.3539;-325.44;15.675;1
92;7.0313;4.9794;250.56;14.439;1
93;-5.4688;-1.6872;-37.44;12.93;1
94;4.5313;-3.9095;-181.44;8.7955;1
95;-0.46875;9.4239;106.56;10.337;1
96;9.5313;2.7572;-267.84;17.526;1
97;-9.5313;-6.1317;308.16;23.515;1
98;0.46875;7.2016;20.16;8.5818;1
99;-4.5313;0.53498;-123.84;16.967;1
100;5.4688;-9.0947;164.16;17.052;1
101;-7.0313;4.2387;-342.72;22.377;1
102;2.9688;-2.428;233.28;11.514;1
103;-2.0313;-4.6502;-54.72;7.7842;1
104;7.9688;8.6831;-198.72;18.746;1
105;-8.2813;2.0165;89.28;13.268;1
106;1.7188;-6.8724;-227.52;10.495;1
107;-3.2813;6.4609;348.48;14.864;1
108;6.7188;-0.20576;60.48;7.0208;1
109;-5.7813;-9.3416;-83.52;12.944;1
110;4.2188;3.9918;204.48;9.5419;1
111;-0.78125;-2.6749;-285.12;8.1304;1
112;9.2188;-4.8971;290.88;18.406;1
113;-8.9063;8.4362;2.88;17.371;1
114;1.0938;1.7695;-141.12;10.898;1
115;-3.9063;-7.1193;146.88;17.466;1
116;6.0938;6.214;-313.92;16.821;1
117;-6.4063;-0.45267;262.08;19.994;1
118;3.5938;-7.8601;-25.92;9.0888;1
119;-1.4063;5.4733;-169.92;14.813;1
120;8.5938;-1.1934;118.08;10.729;1
121;-7.6563;-3.4156;-256.32;12.381;1
122;2.3438;9.9177;319.68;17.235;1
123;-2.6563;3.251;31.68;10.824;1
124;7.3438;-5.6379;-112.32;9.7824;1
125;-5.1563;7.6955;175.68;11.263;1
126;4.8438;1.0288;-355.39;12.953;1
127;-0.15625;-8.6008;220.61;17.415;1
128;9.8438;4.7325;-67.392;11.859;1
129;-9.9219;-1.9342;-211.39;13.971;1
130;0.078125;-4.1564;76.608;10.877;1
131;-4.9219;9.177;-240.19;20.121;1
132;5.0781;2.5103;335.81;13.56;1
133;-7.4219;-6.3786;47.808;17.603;1
134;2.5781;6.9547;-96.192;12.095;1
135;-2.4219;0.28807;191.81;7.5256;1
136;7.5781;-9.5885;-297.79;19.081;1
137;-8.6719;3.7449;278.21;14.064;1
138;1.3281;-2.9218;-9.792;4.1789;-2
139;-3.6719;-5.144;-153.79;8.4563;1
140;6.3281;8.1893;134.21;11.086;1
141;-6.1719;1.5226;-326.59;21.814;1
142;3.8281;-7.3663;249.41;16.524;1
143;-1.1719;5.9671;-38.592;11.095;1
144;8.8281;-0.69959;-182.59;13.142;1
145;-9.2969;-8.107;105.41;21.83;1
146;0.70313;5.2263;-268.99;13.997;1
147;-4.2969;-1.4403;307.01;19.689;1
148;5.7031;-3.6626;19.008;7.0139;1
149;-6.7969;9.6708;-124.99;20.924;1
150;3.2031;3.0041;163.01;6.5001;1
151;-1.7969;-5.8848;-332.35;13.26;1
152;8.2031;7.4486;243.65;16.323;1
153;-8.0469;0.78189;-44.352;18.841;1
154;1.9531;-8.8477;-188.35;10.855;1
155;-3.0469;4.4856;99.648;7.754;1
156;6.9531;-2.1811;-217.15;12.554;1
157;-5.5469;-4.4033;358.85;21.57;1
158;4.4531;8.93;70.848;10.279;1
159;-0.54688;2.2634;-73.152;12.886;1
160;9.4531;-6.6255;214.85;18.503;1
161;-9.6094;6.7078;-274.75;22.888;1
162;0.39063;0.041152;301.25;8.7241;2
163;-4.6094;-9.9177;13.248;15.041;1
164;5.3906;3.4156;-130.75;10.366;1
165;-7.1094;-3.251;157.25;19.119;1
166;2.8906;-5.4733;-303.55;13.047;1
167;-2.1094;7.8601;272.45;12.754;1
168;7.8906;1.1934;-15.552;7.998;1
169;-8.3594;-7.6955;-159.55;13.792;1
170;1.6406;5.6379;128.45;6.4854;1
171;-3.3594;-1.0288;-245.95;7.7935;1
172;6.6406;-8.4362;330.05;18.925;1
173;-5.8594;4.8971;42.048;12.076;1
174;4.1406;-1.7695;-101.95;5.17;1
175;-0.85938;-3.9918;186.05;13.48;1
176;9.1406;9.3416;-343.87;21.224;1
177;-8.9844;2.6749;232.13;13.168;1
178;1.0156;-6.214;-55.872;7.0125;1
179;-3.9844;7.1193;-199.87;17.948;1
180;6.0156;0.45267;88.128;6.7673;1
181;-6.4844;-9.177;-228.67;14.06;1
182;3.5156;4.1564;347.33;13.331;1
183;-1.4844;-2.5103;59.328;12.805;1
184;8.5156;-4.7325;-84.672;9.9645;1
185;-7.7344;8.6008;203.33;14.018;1
186;2.2656;1.9342;-286.27;11.097;1
187;-2.7344;-6.9547;289.73;17.245;1
188;7.2656;6.3786;1.728;9.8374;1
189;-5.2344;-0.28807;-142.27;10.033;1
190;4.7656;-9.4239;145.73;16.566;1
191;-0.23438;3.9095;-315.07;11.339;1
192;9.7656;-2.7572;260.93;17.639;1
193;-9.7656;-4.9794;-27.072;16.609;1
194;0.23438;8.3539;-171.07;16.53;1
195;-4.7656;1.6872;116.93;9.3884;1
196;5.2344;-7.2016;-257.47;14.329;1
197;-7.2656;6.1317;318.53;15.758;1
198;2.7344;-0.53498;30.528;2.906;1
199;-2.2656;-7.9424;-113.47;9.5772;1
200;7.7344;5.3909;174.53;12.011;1
201;-8.5156;-1.2757;-349.63;16.16;1
202;1.4844;-3.4979;226.37;12.139;1
203;-3.5156;9.8354;-61.632;16.283;1
204;6.4844;3.1687;-205.63;13.706;1
205;-6.0156;-5.7202;82.368;17.317;1
206;3.9844;7.6132;-234.43;16.705;1
207;-1.0156;0.9465;341.57;8.6676;1
208;8.9844;-8.6831;53.568;13.653;1
209;-9.1406;4.6502;-90.432;20.469;1
210;0.85938;-2.0165;197.57;10.983;1
211;-4.1406;-4.2387;-292.03;11.033;1
212;5.8594;9.0947;283.97;17.103;1
213;-6.6406;2.428;-4.032;15.353;1
214;3.3594;-6.4609;-148.03;8.1976;1
215;-1.6406;6.8724;139.97;8.3485;1
216;8.3594;0.20576;-320.83;16.32;1
217;-7.8906;-9.6708;255.17;22.608;1
218;2.1094;3.6626;-32.832;6.1559;-2
219;-2.8906;-3.0041;-176.83;6.9272;1
220;7.1094;-5.2263;111.17;11.932;1
221;-5.3906;8.107;-263.23;19.726;1
222;4.6094;1.4403;312.77;12.592;1
223;-0.39063;-7.4486;24.768;10.769;1
224;9.6094;5.8848;-119.23;14.37;1
225;-9.4531;-0.78189;168.77;21.616;1
226;0.54688;-8.1893;-338.11;15.686;1
227;-4.4531;5.144;237.89;9.9356;1
228;5.5469;-1.5226;-50.112;5.8064;1
229;-6.9531;-3.7449;-194.11;11.075;1
230;3.0469;9.5885;93.888;10.506;1
231;-1.9531;2.9218;-222.91;10.323;1
232;8.0469;-5.9671;353.09;18.112;1
233;-8.2031;7.3663;65.088;14.198;1
234;1.7969;0.69959;-78.912;11.049;1
235;-3.2031;-8.93;209.09;18.889;1
236;6.7969;4.4033;-280.51;16.067;1
237;-5.7031;-2.2634;295.49;19.638;1
238;4.2969;-4.4856;7.488;6.5884;1
239;-0.70313;8.8477;-136.51;16.529;1
240;9.2969;2.1811;151.49;12.062;1
241;-8.8281;-6.7078;-309.31;16.904;1
242;1.1719;6.6255;266.69;11.746;1
243;-3.8281;-0.041152;-21.312;14.086;1
244;6.1719;-9.9451;-165.31;13.142;1
245;-6.3281;3.3882;122.69;10.538;1
246;3.6719;-3.2785;-251.71;10.734;1
247;-1.3281;-5.5007;324.29;15.988;1
248;8.6719;7.8326;36.288;11.774;1
249;-7.5781;1.166;-107.71;19.511;1
250;2.4219;-7.7229;180.29;15.736;1
251;-2.5781;5.6104;-357.7;18.535;1
252;7.4219;-1.0562;218.3;13.745;1
253;-5.0781;-8.4636;-69.696;11.993;1
254;4.9219;4.8697;-213.7;14.265;1
255;-0.078125;-1.797;74.304;12.949;1
256;9.9219;-4.0192;-242.5;16.655;1
257;-9.9609;9.3141;333.5;20.563;1
258;0.039063;2.6475;45.504;11.764;1
259;-4.9609;-6.2414;-98.496;10.264;1
260;5.0391;7.0919;189.5;11.17;1
261;-7.4609;0.42524;-300.1;13.121;1
262;2.5391;-9.2044;275.9;18.052;1
263;-2.4609;4.1289;-12.096;11.191;1
264;7.5391;-2.5377;-156.1;10.495;1
265;-8.7109;-4.7599;131.9;20.773;1
266;1.2891;8.5734;-328.9;17.563;1
267;-3.7109;1.9067;247.1;8.0347;1
268;6.2891;-6.9822;-40.896;9.5297;1
269;-6.2109;6.3512;-184.9;19.25;1
270;3.7891;-0.3155;103.1;5.6536;1
271;-1.2109;-9.4513;-271.3;14.242;1
272;8.7891;3.882;304.7;17.162;1
273;-9.3359;-2.7846;16.704;18.341;1
274;0.66406;-5.0069;-127.3;5.8118;1
275;-4.3359;8.3265;160.7;11.115;1
276;5.6641;1.6598;-334.66;13.91;1
277;-6.8359;-7.2291;241.34;20.279;1
278;3.1641;6.1043;-46.656;9.0074;1
279;-1.8359;-0.56241;-190.66;7.6408;1
280;8.1641;-7.9698;97.344;14.226;1
281;-8.0859;5.3635;-219.46;20.578;1
282;1.9141;-1.3032;356.54;10.306;1
283;-3.0859;-3.5254;68.544;13.867;1
284;6.9141;9.808;-75.456;14.454;1
285;-5.5859;3.1413;212.54;9.6913;1
286;4.4141;-5.7476;-277.06;13.489;1
287;-0.58594;7.5857;298.94;13.601;1
288;9.4141;0.91907;10.944;9.4593;1
289;-9.6484;-8.7106;-133.06;15.419;1
290;0.35156;4.6228;154.94;5.6478;1
291;-4.6484;-2.0439;-305.86;10.723;1
292;5.3516;-4.2661;270.14;14.808;1
293;-7.1484;9.0672;-17.856;16.918;1
294;2.8516;2.4005;-161.86;9.9441;1
295;-2.1484;-6.4883;126.14;15.298;1
296;7.8516;6.845;-248.26;18.204;1
297;-8.3984;0.17833;327.74;15.008;1
298;1.6016;-9.6982;39.744;12.545;1
299;-3.3984;3.6351;-104.26;14.959;1
300;6.6016;-3.0316;183.74;12.959;1
301;-5.8984;-5.2538;-346.18;15.346;1
302;4.1016;8.0796;229.82;12.958;1
303;-0.89844;1.4129;-58.176;13.904;1
304;9.1016;-7.476;-202.18;15.32;1
305;-9.0234;5.8573;85.824;14.088;1
306;0.97656;-0.80933;-230.98;7.8101;1
307;-4.0234;-8.2167;345.02;20.434;1
308;5.9766;5.1166;57.024;7.9514;1
309;-6.5234;-1.5501;-86.976;11.858;1
310;3.4766;-3.7723;201.02;12.393;1
311;-1.5234;9.561;-288.58;18.826;1
312;8.4766;2.8944;287.42;16.29;1
313;-7.7734;-5.9945;-0.576;15.8;1
314;2.2266;7.3388;-144.58;14.404;1
315;-2.7734;0.67215;143.42;8.9113;1
316;7.2266;-8.9575;-317.38;18.882;1
317;-5.2734;4.3759;258.62;10.686;1
318;4.7266;-2.2908;-29.376;5.2736;1
319;-0.27344;-4.513;-173.38;5.8728;1
320;9.7266;8.8203;114.62;13.624;1
321;-9.8047;2.1536;-259.78;22.492;1
322;0.19531;-6.7353;316.22;15.821;1
323;-4.8047;6.5981;28.224;11.88;1
324;5.1953;-0.068587;-115.78;7.0237;1
325;-7.3047;-9.7805;172.22;22.072;1
326;2.6953;3.5528;-351.94;12.407;1
327;-2.3047;-3.1139;224.06;10.554;1
328;7.6953;-5.3361;-63.936;9.4395;1
329;-8.5547;7.9973;-207.94;22.115;1
330;1.4453;1.3306;80.064;2.1159;2
331;-3.5547;-7.5583;-236.74;11.381;1
332;6.4453;5.775;339.26;16.485;1
333;-6.0547;-0.89163;51.264;17.194;1
334;3.9453;-8.299;-92.736;9.5229;1
335;-1.0547;5.0343;195.26;6.974;1
336;8.9453;-1.6324;-294.34;16.7;1
337;-9.1797;-3.8546;281.66;22.223;1
338;0.82031;9.4787;-6.336;11.338;1
339;-4.1797;2.8121;-150.34;16.152;1
340;5.8203;-6.0768;137.66;13.281;1
341;-6.6797;7.2565;-323.14;21.604;1
342;3.3203;0.58985;252.86;10.285;1
343;-1.6797;-9.0398;-35.136;10.853;1
344;8.3203;4.2936;-179.14;14.902;1
345;-7.9297;-2.3731;108.86;19.66;1
346;2.0703;-4.5953;-265.54;10.543;1
347;-2.9297;8.738;310.46;15.43;1
348;7.0703;2.0713;22.464;7.3728;1
349;-5.4297;-6.8176;-121.54;10.867;1
350;4.5703;6.5158;166.46;9.5572;1
351;-0.42969;-0.15089;-340.42;7.6439;1
352;9.5703;-9.2867;235.58;20.98;1
353;-9.4922;4.0466;-52.416;19.708;1
354;0.50781;-2.62;-196.42;5.2417;1
355;-4.4922;-4.8422;91.584;15.903;1
356;5.5078;8.4911;-225.22;17.965;1
357;-6.9922;1.8244;350.78;14.835;1
358;3.0078;-7.0645;62.784;10.655;1
359;-1.9922;6.2689;-81.216;13.699;1
360;8.0078;-0.39781;206.78;13.641;1
361;-8.2422;-7.8052;-282.82;16.061;1
362;1.7578;5.5281;293.18;12.104;1
363;-3.2422;-1.1385;5.184;13.701;1
364;6.7578;-3.3608;-138.82;9.1118;1
365;-5.7422;9.9726;149.18;13.254;1
366;4.2578;3.3059;-311.62;13.461;1
367;-0.74219;-5.583;264.38;14.792;1
368;9.2578;7.7503;-23.616;12.469;1
369;-8.8672;1.0837;-167.62;20.982;1
370;1.1328;-8.546;120.38;14.999;1
371;-3.8672;4.7874;-254.02;16.57;1
372;6.1328;-1.8793;321.98;14.414;1
373;-6.3672;-4.1015;33.984;15.895;1
374;3.6328;9.2318;-110.02;14.845;1
375;-1.3672;2.5652;177.98;5.3675;1
376;8.6328;-6.3237;-358.85;18.708;1
377;-7.6172;7.0096;217.15;13.153;1
378;2.3828;0.34294;-70.848;4.1589;-2
379;-2.6172;-9.5336;-214.85;12.236;1
380;7.3828;3.7997;73.152;8.4362;1
381;-5.1172;-2.8669;-243.65;9.5243;1
382;4.8828;-5.0892;332.35;15.19;1
383;-0.11719;8.2442;44.352;9.3405;1
384;9.8828;1.5775;-99.648;11.39;1
385;-9.8828;-7.3114;188.35;22.957;1
386;0.11719;6.0219;-301.25;15.019;1
387;-4.8828;-0.64472;274.75;19.245;1
388;5.1172;-8.0521;-13.248;9.9026;1
389;-7.3828;5.2812;-157.25;19.81;1
390;2.6172;-1.3855;130.75;9.1014;1
391;-2.3828;-3.6077;-330.05;11.194;1
392;7.6172;9.7257;245.95;17.307;1
393;-8.6328;3.059;-42.048;18.597;1
394;1.3672;-5.8299;-186.05;7.7534;1
395;-3.6328;7.5034;101.95;10.026;1
396;6.3672;0.83676;-272.45;13.983;1
397;-6.1328;-8.7929;303.55;21.263;1
398;3.8672;4.5405;15.552;6.1939;1
399;-1.1328;-2.1262;-128.45;8.3173;1
400;8.8672;-4.3484;159.55;14.53;1
401;-9.2578;8.9849;-335.81;25.052;1
402;0.74219;2.3182;240.19;7.2307;1
403;-4.2578;-6.5706;-47.808;10.71;1
404;5.7422;6.7627;-191.81;15.797;1
405;-6.7578;0.096022;96.192;12.524;1
406;3.2422;-9.8628;-220.61;13.547;1
407;-1.7578;3.4705;355.39;11.749;1
408;8.2422;-3.1962;67.392;9.6736;1
409;-8.0078;-5.4184;-76.608;13.197;1
410;1.9922;7.915;211.39;10.856;1
411;-3.0078;1.2483;-278.21;18.979;1
412;6.9922;-7.6406;297.79;18.486;1
413;-5.5078;5.6927;9.792;13.113;1
414;4.4922;-0.97394;-134.21;6.771;1
415;-0.50781;-8.3813;153.79;16.463;1
416;9.4922;4.952;-307.01;18.719;1
417;-9.5703;-1.7147;268.99;22.568;1
418;0.42969;-3.9369;-19.008;6.7415;-2
419;-4.5703;9.3964;-163.01;19.752;1
420;5.4297;2.7298;124.99;7.2247;1
421;-7.0703;-6.1591;-249.41;12.914;1
422;2.9297;7.1742;326.59;15.122;1
423;-2.0703;0.50754;38.592;13.673;1
424;7.9297;-9.1221;-105.41;12.41;1
425;-8.3203;4.2112;182.59;12.491;1
426;1.6797;-2.4554;-347.33;10.839;1
427;-3.3203;-4.6776;228.67;15.926;1
428;6.6797;8.6557;-59.328;12.679;1
429;-5.8203;1.989;-203.33;17.888;1
430;4.1797;-6.8999;84.672;11.404;1
431;-0.82031;6.4335;-232.13;15.591;1
432;9.1797;-0.2332;343.87;17.19;1
433;-8.9453;-9.369;55.872;20.321;1
434;1.0547;3.9643;-88.128;10.215;1
435;-3.9453;-2.7023;199.87;15.956;1
436;6.0547;-4.9246;-289.73;14.77;1
437;-6.4453;8.4088;286.27;15.502;1
438;3.5547;1.7421;-1.728;4.0168;1
439;-1.4453;-7.1468;-145.73;8.524;1
440;8.5547;6.1866;142.27;11.864;1
441;-7.6953;-0.48011;-318.53;13.939;1
442;2.3047;-7.8875;257.47;16.705;1
443;-2.6953;5.4458;-30.528;12.064;1
444;7.3047;-1.2209;-174.53;11.186;1
445;-5.1953;-3.4431;113.47;16.91;1
446;4.8047;9.8903;-260.93;19.283;1
447;-0.19531;3.2236;315.07;9.9413;1
448;9.8047;-5.6653;27.072;11.584;1
449;-9.7266;7.668;-116.93;22.339;1
450;0.27344;1.0014;171.07;8.3071;1
451;-4.7266;-8.6283;-353.09;17.623;1
452;5.2734;4.7051;222.91;11.587;1
453;-7.2266;-1.9616;-65.088;13.109;1
454;2.7734;-4.1838;-209.09;8.4865;1
455;-2.2266;9.1495;78.912;10.692;1
456;7.7734;2.4829;-237.89;15.242;1
457;-8.4766;-6.406;338.11;23.675;1
458;1.5234;6.9273;50.112;7.7253;1
459;-3.4766;0.26063;-93.888;16.136;1
460;6.5234;-9.6159;194.11;18.788;1
461;-5.9766;3.7174;-295.49;19.45;1
462;4.0234;-2.9492;280.51;12.996;1
463;-0.97656;-5.1715;-7.488;8.6532;1
464;9.0234;8.1619;-151.49;17.204;1
465;-9.1016;1.4952;136.51;13.316;1
466;0.89844;-7.3937;-324.29;14.553;1
467;-4.1016;5.9396;251.71;10.75;1
468;5.8984;-0.72702;-36.288;5.9738;1
469;-6.6016;-8.1344;-180.29;12.656;1
470;3.3984;5.1989;107.71;6.5534;1
471;-1.6016;-1.4678;-266.69;6.2815;1
472;8.3984;-3.69;309.31;17.18;1
473;-7.8516;9.6433;21.312;16.193;1
474;2.1484;2.9767;-122.69;9.6788;1
475;-2.8516;-5.9122;165.31;16.114;1
476;7.1484;7.4211;-341.57;18.459;1
477;-5.3516;0.75446;234.43;9.7081;1
478;4.6484;-8.8752;-53.568;10.306;1
479;-0.35156;4.4582;-197.57;13.538;1
480;9.6484;-2.2085;90.432;11.113;1
481;-9.4141;-4.4307;-226.37;13.825;1
482;0.58594;8.9026;349.63;16.709;1
483;-4.4141;2.2359;61.632;10.709;1
484;5.5859;-6.6529;-82.368;8.8656;1
485;-6.9141;6.6804;205.63;12.229;1
486;3.0859;0.013717;-283.97;10.75;1
487;-1.9141;-9.9726;292.03;19.377;1
488;8.0859;3.3608;4.032;8.7785;1
489;-8.1641;-3.3059;-139.97;12.251;1
490;1.8359;-5.5281;148.03;12.819;1
491;-3.1641;7.8052;-312.77;18.545;1
492;6.8359;1.1385;263.23;13.957;1
493;-5.6641;-7.7503;-24.768;13.244;1
494;4.3359;5.583;-168.77;13.513;1
495;-0.66406;-1.0837;119.23;12.437;1
496;9.3359;-8.4911;-255.17;18.291;1
497;-8.7891;4.8422;320.83;16.339;1
498;1.2109;-1.8244;32.832;4.2103;-2
499;-3.7891;-4.0466;-111.17;8.2158;1
500;6.2109;9.2867;176.83;13.052;1
501;-6.2891;2.62;-356.54;22.692;1
502;3.7109;-6.2689;219.46;15.167;1
503;-1.2891;7.0645;-68.544;13.066;1
504;8.7109;0.39781;-212.54;14.531;1
505;-7.5391;-9.2318;75.456;19.772;1
506;2.4609;4.1015;-241.34;12.954;1
507;-2.5391;-2.5652;334.66;10.787;1
508;7.4609;-4.7874;46.656;9.5291;1
509;-5.0391;8.546;-97.344;18.049;1
510;4.9609;1.8793;190.66;9.4757;1
511;-0.039063;-7.0096;-298.94;13.089;1
512;9.9609;6.3237;277.06;18.541;1
513;-9.9805;-0.34294;-10.944;18.629;1
514;0.019531;-9.4787;-154.94;10.516;1
515;-4.9805;3.8546;133.06;9.1909;1
516;5.0195;-2.8121;-327.74;13.561;1
517;-7.4805;-5.0343;248.26;20.041;1
518;2.5195;8.299;-39.744;10.991;1
519;-2.4805;1.6324;-183.74;9.5525;1
520;7.5195;-7.2565;104.26;13.585;1
521;-8.7305;6.0768;-270.14;21.78;1
522;1.2695;-0.58985;305.86;9.4502;1
523;-3.7305;-7.9973;17.856;13.401;1
524;6.2695;5.3361;-126.14;12.282;1
525;-6.2305;-1.3306;161.86;18.355;1
526;3.7695;-3.5528;-333.5;12.937;1
527;-1.2305;9.7805;242.5;13.312;1
528;8.7695;3.1139;-45.504;9.6499;1
529;-9.3555;-5.775;-189.5;13.92;1
530;0.64453;7.5583;98.496;8.3177;1
531;-4.3555;0.89163;-218.3;16.99;1
532;5.6445;-8.738;357.7;18.878;1
533;-6.8555;4.5953;69.696;12.129;1
534;3.1445;-2.0713;-74.304;3.8845;1
535;-1.8555;-4.2936;213.7;14.482;1
536;8.1445;9.0398;-275.9;20.279;1
537;-8.1055;2.3731;300.1;13.891;1
538;1.8945;-6.5158;12.096;8.3772;1
539;-3.1055;6.8176;-131.9;16.384;1
540;6.8945;0.15089;156.1;10.266;1
541;-5.6055;-9.7257;-304.7;17.026;1
542;4.3945;3.6077;271.3;12.176;1
543;-0.60547;-3.059;-16.704;12.851;1
544;9.3945;-5.2812;-160.7;12.978;1
545;-9.668;8.0521;127.3;15.116;1
546;0.33203;1.3855;-247.1;9.5992;1
547;-4.668;-7.5034;328.9;20.034;1
548;5.332;5.8299;40.896;8.0315;1
549;-7.168;-0.83676;-103.1;12.261;1
550;2.832;-8.2442;184.9;16.366;1
551;-2.168;5.0892;-345.02;13.125;1
552;7.832;-1.5775;230.98;14.716;1
553;-8.418;-3.7997;-57.024;14.119;1
554;1.582;9.5336;-201.02;17.946;1
555;-3.418;2.8669;86.976;8.5102;1
556;6.582;-6.0219;-229.82;13.627;1
557;-5.918;7.3114;346.18;16.9;1
558;4.082;0.64472;58.176;4.2935;1
559;-0.91797;-8.9849;-85.824;10.034;2
560;9.082;4.3484;202.18;14.249;1
561;-9.043;-2.3182;-287.42;14.349;1
562;0.95703;-4.5405;288.58;13.303;1
563;-4.043;8.7929;0.576;13.323;1
564;5.957;2.1262;-143.42;10.195;1
565;-6.543;-6.7627;144.58;19.489;1
566;3.457;6.5706;-316.22;15.737;1
567;-1.543;-0.096022;259.78;7.3945;1
568;8.457;-9.808;-28.224;13.104;1
569;-7.793;3.5254;-172.22;19.852;1
570;2.207;-3.1413;115.78;9.5497;1
571;-2.793;-5.3635;-258.62;9.8879;1
572;7.207;7.9698;317.38;18.181;1
573;-5.293;1.3032;29.376;13.421;1
574;4.707;-7.5857;-114.62;9.3323;1
575;-0.29297;5.7476;173.38;7.0939;1
576;9.707;-0.91907;-350.78;17.76;1
577;-9.8242;-8.3265;225.22;23.384;1
578;0.17578;5.0069;-62.784;10.487;1
579;-4.8242;-1.6598;-206.78;8.912;1
580;5.1758;-3.882;81.216;8.5394;1
581;-7.3242;9.4513;-235.58;22.012;1
582;2.6758;2.7846;340.42;11.689;1
583;-2.3242;-6.1043;52.416;12.802;1
584;7.6758;7.2291;-91.584;13.095;1
585;-8.5742;0.56241;196.42;12.809;1
586;1.4258;-9.0672;-293.18;15.213;1
587;-3.5742;4.2661;282.82;10.31;1
588;6.4258;-2.4005;-5.184;6.8746;1
589;-6.0742;-4.6228;-149.18;10.418;1
590;3.9258;8.7106;138.82;10.264;1
591;-1.0742;2.0439;-321.98;9.4895;1
592;8.9258;-6.845;254.02;19.049;1
593;-9.1992;6.4883;-33.984;18.836;1
594;0.80078;-0.17833;-177.98;9.0872;1
595;-4.1992;-9.3141;110.02;18.284;1
596;5.8008;4.0192;-264.38;14.933;1
597;-6.6992;-2.6475;311.62;21.075;1
598;3.3008;-4.8697;23.616;6.9677;1
599;-1.6992;8.4636;-120.38;16.275;1
600;8.3008;1.797;167.62;11.788;1
601;-7.9492;-7.0919;-339.26;17.811;1
602;2.0508;6.2414;236.74;10.549;1
603;-2.9492;-0.42524;-51.264;12.757;1
604;7.0508;-7.8326;-195.26;13.452;1
605;-5.4492;5.5007;92.736;10.447;1
606;4.5508;-1.166;-224.06;10.517;1
607;-0.44922;-3.3882;351.94;11.236;1
608;9.5508;9.9451;63.936;13.908;1
609;-9.5117;3.2785;-80.064;20.578;1
610;0.48828;-5.6104;207.94;14.293;1
611;-4.5117;7.7229;-281.66;18.997;1
612;5.4883;1.0562;294.34;13.202;1
613;-7.0117;-8.5734;6.336;16.07;1
614;2.9883;4.7599;-137.66;11.517;1
615;-2.0117;-1.9067;150.34;14.13;1
616;7.9883;-4.1289;-310.46;16.595;1
617;-8.2617;9.2044;265.54;16.404;1
618;1.7383;2.5377;-22.464;4.6173;-2
619;-3.2617;-6.3512;-166.46;8.9367;1
620;6.7383;6.9822;121.54;10.277;1
621;-5.7617;0.3155;-252.86;19.258;1
622;4.2383;-9.561;323.14;18.844;1
623;-0.76172;3.7723;35.136;10.703;1
624;9.2383;-2.8944;-108.86;10.544;1
625;-8.8867;-5.1166;179.14;21.249;1
626;1.1133;8.2167;-359.08;17.836;1
627;-3.8867;1.5501;216.92;8.0299;1
628;6.1133;-7.3388;-71.078;9.7086;1
629;-6.3867;5.9945;-215.08;19.237;1
630;3.6133;-0.67215;72.922;4.6417;1
631;-1.3867;-8.0796;-243.88;11.675;1
632;8.6133;5.2538;332.12;17.92;1
633;-7.6367;-1.4129;44.122;18.197;1
634;2.3633;-3.6351;-99.878;4.6331;1
635;-2.6367;9.6982;188.12;11.759;1
636;7.3633;3.0316;-301.48;15.946;1
637;-5.1367;-5.8573;274.52;18.397;1
638;4.8633;7.476;-13.478;9.6405;1
639;-0.13672;0.80933;-157.48;10.847;1
640;9.8633;-8.8203;130.52;17.321;1
641;-9.9023;4.513;-330.28;24.621;1
642;0.097656;-2.1536;245.72;9.8656;1
643;-4.9023;-4.3759;-42.278;11.13;1
644;5.0977;8.9575;-186.28;17.484;1
645;-7.4023;2.2908;101.72;12.031;1
646;2.5977;-6.5981;-272.68;12.696;1
647;-2.4023;6.7353;303.32;13.052;1
648;7.5977;0.068587;15.322;7.6017;1
649;-8.6523;-9.8903;-128.68;15.288;1
650;1.3477;3.4431;159.32;4.869;1
651;-3.6523;-3.2236;-336.04;11.893;1
652;6.3477;-5.4458;239.96;16.035;1
653;-6.1523;7.8875;-48.038;16.842;1
654;3.8477;1.2209;-192.04;10.055;1
655;-1.1523;-7.668;95.962;14.491;1
656;8.8477;5.6653;-220.84;17.571;1
657;-9.2773;-1.0014;355.16;25.972;1
658;0.72266;-8.4088;67.162;12.82;1
659;-4.2773;4.9246;-76.838;15.288;1
660;5.7227;-1.7421;211.16;12.381;1
661;-6.7773;-3.9643;-278.44;12.414;1
662;3.2227;9.369;297.56;16.333;1
663;-1.7773;2.7023;9.5616;12.574;1
664;8.2227;-6.1866;-134.44;11.335;1
665;-8.0273;7.1468;153.56;13.229;1
666;1.9727;0.48011;-307.24;9.9895;1
667;-3.0273;-9.1495;268.76;19.037;1
668;6.9727;4.1838;-19.238;8.3342;1
669;-5.5273;-2.4829;-163.24;9.5349;1
670;4.4727;-4.7051;124.76;11.023;1
671;-0.52734;8.6283;-249.64;17.582;1
672;9.4727;1.9616;326.36;17.589;1
673;-9.5898;-6.9273;38.362;19.478;1
674;0.41016;6.406;-105.64;12.862;1
675;-4.5898;-0.26063;182.36;17.199;1
676;5.4102;-9.3964;-347.56;18.706;1
677;-7.0898;3.9369;228.44;11.479;1
678;2.9102;-2.7298;-59.558;4.0988;1
679;-2.0898;-4.952;-203.56;7.492;1
680;7.9102;8.3813;84.442;11.697;1
681;-8.3398;1.7147;-232.36;20.632;1
682;1.6602;-7.1742;343.64;16.348;1
683;-3.3398;6.1591;55.642;9.4998;1
684;6.6602;-0.50754;-88.358;7.402;1
685;-5.8398;-7.915;199.64;19.869;1
686;4.1602;5.4184;-289.96;15.013;1
687;-0.83984;-1.2483;286.04;8.561;1
688;9.1602;-3.4705;-1.9584;9.8145;1
689;-8.9648;9.8628;-145.96;23.178;1
690;1.0352;3.1962;142.04;4.1098;1
691;-3.9648;-5.6927;-318.76;13.314;1
692;6.0352;7.6406;257.24;15.206;1
693;-6.4648;0.97394;-30.758;16.895;1
694;3.5352;-8.6557;-174.76;10.893;1
695;-1.4648;4.6776;113.24;6.4555;1
696;8.5352;-1.989;-261.16;15.614;1
697;-7.7148;-4.2112;314.84;21.85;1
698;2.2852;9.1221;26.842;10.125;1
699;-2.7148;2.4554;-117.16;14.552;1
700;7.2852;-6.4335;170.84;15.574;1
701;-5.2148;6.8999;-353.32;21.235;1
702;4.7852;0.2332;222.68;10.954;1
703;-0.21484;-9.6433;-65.318;10.554;1
704;9.7852;3.69;-209.32;16.774;1
705;-9.7461;-2.9767;78.682;20.806;1
706;0.25391;-5.1989;-238.12;8.8093;1
707;-4.7461;8.1344;337.88;16.63;1
708;5.2539;1.4678;49.882;5.5077;1
709;-7.2461;-7.4211;-94.118;12.874;1
710;2.7539;5.9122;193.88;8.8862;1
711;-2.2461;-0.75446;-295.72;7.6736;1
712;7.7539;-8.1619;280.28;19.352;1
713;-8.4961;5.1715;-7.7184;16.841;1
714;1.5039;-1.4952;-151.72;7.3314;1
715;-3.4961;-3.7174;136.28;15.484;1
716;6.5039;9.6159;-324.52;19.846;1
717;-5.9961;2.9492;251.48;10.548;1
718;4.0039;-5.9396;-36.518;7.397;1
719;-0.99609;7.3937;-180.52;16.263;1
720;9.0039;0.72702;107.48;10.236;1
721;-9.1211;-8.9026;-266.92;16.835;1
722;0.87891;4.4307;309.08;11.25;1
723;-4.1211;-2.2359;21.082;13.929;1
724;5.8789;-4.4582;-122.92;8.1499;1
725;-6.6211;8.8752;165.08;13.1;1
726;3.3789;2.2085;-341.8;12.093;1
727;-1.6211;-6.6804;234.2;16.174;1
728;8.3789;6.6529;-53.798;11.692;1
729;-7.8711;-0.013717;-197.8;12.278;1
730;2.1289;-9.9817;90.202;14.896;1
731;-2.8711;3.3516;-226.6;10.906;1
732;7.1289;-3.315;349.4;15.889;1
733;-5.3711;-5.5373;61.402;15.955;1
734;4.6289;7.7961;-82.598;12.252;1
735;-0.37109;1.1294;205.4;7.3631;1
736;9.6289;-7.7595;-284.2;19.147;1
737;-9.4336;5.5738;291.8;16.021;1
738;0.56641;-1.0928;3.8016;2.5434;-2
739;-4.4336;-8.5002;-140.2;11.279;1
740;5.5664;4.8331;147.8;8.7674;1
741;-6.9336;-1.8336;-313;13.137;1
742;3.0664;-4.0558;263;13.238;1
743;-1.9336;9.2775;-24.998;13.175;1
744;8.0664;2.6109;-169;13.216;1
745;-8.1836;-6.278;119;20.443;1
746;1.8164;7.0553;-255.4;15.806;1
747;-3.1836;0.38866;320.6;9.5063;1
748;6.8164;-9.241;32.602;12.457;1
749;-5.6836;4.0924;-111.4;17.394;1
750;4.3164;-2.5743;176.6;10.944;1
751;-0.68359;-4.7965;-354.47;12.706;1
752;9.3164;8.5368;221.53;16.895;1
753;-8.8086;1.8701;-66.47;19.781;1
754;1.1914;-7.0187;-210.47;9.677;1
755;-3.8086;6.3146;77.53;9.5596;1
756;6.1914;-0.35208;-239.27;12.782;1
757;-6.3086;-9.4879;336.73;22.739;1
758;3.6914;3.8455;48.73;5.4557;1
759;-1.3086;-2.8212;-95.27;9.0498;1
760;8.6914;-5.0434;192.73;16.183;1
761;-7.5586;8.2899;-296.87;22.055;1
762;2.4414;1.6232;279.13;9.9454;1
763;-2.5586;-7.2657;-8.8704;10.9;1
764;7.4414;6.0677;-152.87;14.642;1
765;-5.0586;-0.59899;135.13;17.427;1
766;4.9414;-8.0064;-325.67;16.873;1
767;-0.058594;5.3269;250.33;9.3648;1
768;9.9414;-1.3397;-37.67;10.063;1
769;-9.9414;-3.562;-181.67;13.997;1
770;0.058594;9.7714;106.33;10.587;1
771;-4.9414;3.1047;-268.07;17.701;1
772;5.0586;-5.7842;307.93;15.829;1
773;-7.4414;7.5492;19.93;15.006;1
774;2.5586;0.88249;-124.07;9.0578;1
775;-2.4414;-8.7471;163.93;17.928;1
776;7.5586;4.5862;-331.43;16.883;1
777;-8.6914;-2.0805;244.57;21.095;1
778;1.3086;-4.3027;-43.43;5.1734;1
779;-3.6914;9.0306;-187.43;19.143;1
780;6.3086;2.364;100.57;7.3644;1
781;-6.1914;-6.5249;-216.23;11.694;1
782;3.8086;6.8084;359.77;15.806;1
783;-1.1914;0.14175;71.77;13.467;1
784;8.8086;-9.7348;-72.23;13.268;1
785;-9.3164;3.5985;215.77;13.468;1
786;0.68359;-3.0681;-273.83;8.7982;1
787;-4.3164;-5.2904;302.17;18.058;1
788;5.6836;8.043;14.17;10.145;1
789;-6.8164;1.3763;-129.83;18.867;1
790;3.1836;-7.5126;158.17;14.945;1
791;-1.8164;5.8208;-302.63;16.006;1
792;8.1836;-0.84591;273.37;15.764;1
793;-8.0664;-8.2533;-14.63;16.04;1
794;1.9336;5.08;-158.63;12.647;1
795;-3.0664;-1.5866;129.37;15.222;1
796;6.9336;-3.8089;-245.03;13.779;1
797;-5.5664;9.5245;330.97;17.953;1
798;4.4336;2.8578;42.97;5.3191;1
799;-0.56641;-6.0311;-101.03;7.1152;1
800;9.4336;7.3022;186.97;14.869;1
801;-9.6289;0.63557;-342.95;25.936;1
802;0.37109;-8.9941;233.05;17.748;1
803;-4.6289;4.3393;-54.95;14.912;1
804;5.3711;-2.3274;-198.95;10.21;1
805;-7.1289;-4.5496;89.05;18.426;1
806;2.8711;8.7837;-227.75;17.531;1
807;-2.1289;2.1171;348.25;10.551;1
808;7.8711;-6.7718;60.25;11.655;1
809;-8.3789;6.5615;-83.75;19.857;1
810;1.6211;-0.10517;204.25;8.8094;1
811;-3.3789;-9.8171;-285.35;15.483;1
812;6.6211;3.5162;290.65;14.728;1
813;-5.8789;-3.1504;2.6496;14.324;1
814;4.1211;-5.3727;-141.35;7.6918;1
815;-0.87891;7.9607;146.65;9.1011;1
816;9.1211;1.294;-314.15;17.162;1
817;-9.0039;-7.5949;261.85;22.503;1
818;0.99609;5.7385;-26.15;8.6301;1
819;-4.0039;-0.92821;-170.15;8.3816;1
820;5.9961;-8.3356;117.85;14.616;1
821;-6.5039;4.9977;-256.55;19.178;1
822;3.4961;-1.669;319.45;11.899;1
823;-1.5039;-3.8912;31.45;11.243;1
824;8.4961;9.4422;-112.55;16.345;1
825;-7.7539;2.7755;175.45;11.762;1
826;2.2461;-6.1134;-348.71;14.338;1
827;-2.7539;7.2199;227.29;10.452;1
828;7.2461;0.55327;-60.71;7.6054;1
829;-5.2539;-9.0764;-204.71;12.704;1
830;4.7461;4.257;83.29;6.5345;1
831;-0.25391;-2.4097;-233.51;6.0478;1
832;9.7461;-4.6319;342.49;18.827;1
833;-9.7852;8.7014;54.49;16.44;1
834;0.21484;2.0348;-89.51;12.389;1
835;-4.7852;-6.8541;198.49;18.369;1
836;5.2148;6.4792;-291.11;16.483;1
837;-7.2852;-0.18747;284.89;21.686;1
838;2.7148;-9.3233;-3.1104;10.715;1
839;-2.2852;4.0101;-147.11;14.484;1
840;7.7148;-2.6566;140.89;11.734;1
841;-8.5352;-4.8788;-319.91;16.099;1
842;1.4648;8.4545;256.09;13.081;1
843;-3.5352;1.7878;-31.91;14.113;1
844;6.4648;-7.1011;-175.91;11.747;1
845;-6.0352;6.2323;112.09;11.107;1
846;3.9648;-0.43439;-262.31;11.16;1
847;-1.0352;-7.8418;313.69;17.3;1
848;8.9648;5.4915;25.69;10.55;1
849;-9.1602;-1.1751;-118.31;13.675;1
850;0.83984;-3.3973;169.69;11.746;1
851;-4.1602;9.936;-337.19;21.406;1
852;5.8398;3.2693;238.81;12.367;1
853;-6.6602;-5.6196;-49.19;12.685;1
854;3.3398;7.7138;-193.19;16.056;1
855;-1.6602;1.0471;94.81;11.41;1
856;8.3398;-8.5825;-221.99;16.12;1
857;-7.9102;4.7508;354.01;16.989;1
858;2.0898;-1.9159;66.01;10.846;1
859;-2.9102;-4.1381;-77.99;7.9342;1
860;7.0898;9.1952;210.01;14.983;1
861;-5.4102;2.5286;-279.59;18.668;1
862;4.5898;-6.3603;296.41;16.042;1
863;-0.41016;6.973;8.4096;9.1402;1
864;9.5898;0.30636;-135.59;12.074;1
865;-9.4727;-9.5702;152.41;23.519;1
866;0.52734;3.7631;-308.39;11.37;1
867;-4.4727;-2.9035;267.61;17.282;1
868;5.5273;-5.1257;-20.39;7.6529;1
869;-6.9727;8.2076;-164.39;20.782;1
870;3.0273;1.5409;123.61;4.7678;1
871;-1.9727;-7.348;-250.79;11.283;1
872;8.0273;5.9854;325.21;17.709;1
873;-8.2227;-0.6813;37.21;18.82;1
874;1.7773;-8.0887;-106.79;8.8453;1
875;-3.2227;5.2446;181.21;8.2106;1
876;6.7773;-1.422;-356.77;14.929;1
877;-5.7227;-3.6443;219.23;17.851;1
878;4.2773;9.6891;-68.774;13.507;1
879;-0.72266;3.0224;-212.77;12.832;1
880;9.2773;-5.8665;75.226;12.383;1
881;-8.8477;7.4668;-241.57;22.159;1
882;1.1523;0.80018;334.43;9.2645;1
883;-3.8477;-8.8294;46.426;15.22;1
884;6.1523;4.5039;-97.574;10.229;1
885;-6.3477;-2.1628;190.43;18.366;1
886;3.6523;-4.385;-299.17;12.709;1
887;-1.3477;8.9483;276.83;13.987;1
888;8.6523;2.2817;-11.174;8.9734;1
889;-7.5977;-6.6072;-155.17;12.593;1
890;2.4023;6.7261;132.83;7.7694;1
891;-2.5977;0.059442;-327.97;21.732;1
892;7.4023;-9.8994;248.03;20.391;1
893;-5.0977;3.4339;-39.974;14.994;1
894;4.9023;-3.2327;-183.97;9.1276;1
895;-0.097656;-5.455;104.03;12.444;1
896;9.9023;7.8784;-270.37;20.626;1
897;-9.8633;1.2117;305.63;15.66;1
898;0.13672;-7.6772;17.626;10.352;1
899;-4.8633;5.6561;-126.37;17.236;1
900;5.1367;-1.0105;161.63;9.6121;1
901;-7.3633;-8.4179;-333.73;18.14;1
902;2.6367;4.9154;242.27;10.231;1
903;-2.3633;-1.7513;-45.734;12.394;1
904;7.6367;-3.9735;-189.73;12.203;1
905;-8.6133;9.3599;98.266;15.029;1
906;1.3867;2.6932;-218.53;11.303;1
907;-3.6133;-6.1957;357.47;19.675;1
908;6.3867;7.1376;69.466;9.7183;1
909;-6.1133;0.47096;-74.534;17.93;1
910;3.8867;-9.1587;213.47;17.925;1
911;-1.1133;4.1747;-276.13;11.452;1
912;8.8867;-2.492;299.87;17.152;1
913;-9.2383;-4.7142;11.866;17.782;1
914;0.76172;8.6191;-132.13;15.598;1
915;-4.2383;1.9524;155.87;8.3252;1
916;5.7617;-6.9364;-304.93;16.123;1
917;-6.7383;6.3969;271.07;13.535;1
918;3.2617;-0.26978;-16.934;3.2752;1
919;-1.7383;-9.4056;-160.93;10.833;1
920;8.2617;3.9278;127.07;10.313;1
921;-7.9883;-2.7389;-247.33;12.381;1
922;2.0117;-4.9611;328.67;13.911;1
923;-2.9883;8.3722;40.666;10.968;1
924;7.0117;1.7055;-103.33;9.0017;1
925;-5.4883;-7.1834;184.67;19.1;1
926;4.5117;6.15;-345.25;15.919;1
927;-0.48828;-0.51669;230.75;8.6719;1
928;9.5117;-7.9241;-57.254;12.458;1
929;-9.5508;5.4092;-201.25;21.986;1
930;0.44922;-1.2574;86.746;15.205;1
931;-4.5508;-3.4797;-230.05;8.95;1
932;5.4492;9.8537;345.95;19.09;1
933;-7.0508;3.187;57.946;12.834;1
934;2.9492;-5.7019;-86.054;6.731;1
935;-2.0508;7.6315;201.95;9.9027;1
936;7.9492;0.96479;-287.65;15.747;1
937;-8.3008;-8.6648;288.35;22.722;1
938;1.6992;4.6685;0.3456;6.3107;1
939;-3.3008;-1.9982;-143.65;7.4921;1
940;6.6992;-4.2204;144.35;12.335;1
941;-5.8008;9.1129;-316.45;21.5;1
942;4.1992;2.4463;259.55;11.303;1
943;-0.80078;-6.4426;-28.454;8.3765;1
944;9.1992;6.8907;-172.45;17.139;1
945;-8.9258;0.22405;115.55;13.815;1
946;1.0742;-9.6525;-258.85;14.216;1
947;-3.9258;3.6808;317.15;11.58;1
948;6.0742;-2.9858;29.146;7.0168;1
949;-6.4258;-5.208;-114.85;11.043;1
950;3.5742;8.1253;173.15;10.405;1
951;-1.4258;1.4586;-351.01;9.7213;1
952;8.5742;-7.4303;224.99;18.734;1
953;-7.6758;5.9031;-63.014;18.341;1
954;2.3242;-0.7636;-207.01;8.0229;1
955;-2.6758;-8.171;80.986;15.353;1
956;7.3242;5.1623;-235.81;16.427;1
957;-5.1758;-1.5043;340.19;21.637;1
958;4.8242;-3.7266;52.186;7.1867;1
959;-0.17578;9.6068;-91.814;15.371;1
960;9.8242;2.9401;196.19;14.557;1
961;-9.707;-5.9488;-293.41;16.514;1
962;0.29297;7.3845;282.59;12.858;1
963;-4.707;0.71788;-5.4144;14.845;1
964;5.293;-8.9118;-149.41;11.346;1
965;-7.207;4.4216;138.59;11.47;1
966;2.793;-2.2451;-322.21;11.247;1
967;-2.207;-4.4673;253.79;14.947;1
968;7.793;8.866;-34.214;12.637;1
969;-8.457;2.1994;-178.21;20.461;1
970;1.543;-6.6895;109.79;12.713;1
971;-3.457;6.6438;-264.61;17.324;1
972;6.543;-0.022862;311.39;14.437;1
973;-5.957;-9.9268;23.386;16.566;1
974;4.043;3.4065;-120.61;9.4924;1
975;-0.95703;-3.2602;167.39;13.107;1
976;9.043;-5.4824;-339.49;18.472;1
977;-9.082;7.8509;236.51;15.201;1
978;0.91797;1.1843;-51.494;12.931;1
979;-4.082;-7.7046;-195.49;10.756;1
980;5.918;5.6287;92.506;8.3863;1
981;-6.582;-1.038;-224.29;10.794;1
982;3.418;-8.4454;351.71;17.829;1
983;-1.582;4.888;63.706;7.1632;1
984;8.418;-1.7787;-80.294;8.984;1
985;-7.832;-4.0009;207.71;19.985;1
986;2.168;9.3324;-281.89;18.113;1
987;-2.832;2.6658;294.11;9.0781;1
988;7.168;-6.2231;6.1056;9.7163;1
989;-5.332;7.1102;-137.89;18.51;1
990;4.668;0.44353;150.11;7.8572;1
991;-0.33203;-9.1861;-310.69;15.677;1
992;9.668;4.1472;265.31;17.186;1
993;-9.3945;-2.5194;-22.694;16.751;1
994;0.60547;-4.7417;-166.69;5.9558;1
995;-4.3945;8.5917;121.31;11.324;1
996;5.6055;1.925;-253.09;13.383;1
997;-6.8945;-6.9639;322.91;21.702;1
998;3.1055;6.3695;34.906;7.4655;1
999;-1.8945;-0.29721;-109.09;11.506;1
1000;8.1055;-9.433;178.91;18.868;1
